20
33 66
7 26
23 5
30 11
28 9
15 16
24 32
13 24
15 30
12 3
32 10
30 27
13 2
30 14
12 7
17 11
19 6
1 21
2 17
19 8
13 19
25 21
23 32
8 19
25 30
18 31
22 1
4 10
29 5
15 19
2 24
9 14
9 33
22 23
22 19
31 13
26 5
27 21
1 11
7 32
27 30
25 26
2 20
4 3
7 22
13 10
7 5
9 18
14 22
7 14
4 11
10 24
11 6
32 18
15 14
18 2
2 16
10 29
15 31
11 17
27 1
3 30
4 25
5 31
18 14
2 28
7 19
26 52
11 8
1 8
25 19
26 24
20 5
2 18
5 21
24 23
23 13
25 14
7 20
20 8
11 4
9 11
13 11
25 16
14 20
7 6
5 10
24 21
14 10
4 25
9 5
15 21
13 6
16 8
18 3
12 24
18 26
17 3
25 6
5 24
16 15
23 17
18 23
5 23
7 26
5 25
1 10
23 22
13 22
26 17
18 7
15 12
13 25
18 22
17 14
15 23
1 24
21 15
10 15
10 7
27 54
25 3
23 19
26 21
27 2
2 9
25 5
1 2
25 8
15 21
17 8
16 10
23 10
8 3
21 16
21 14
21 12
8 5
21 2
14 15
14 2
11 22
9 8
7 12
4 18
5 14
17 1
16 5
12 21
4 13
15 7
22 6
22 9
3 1
15 11
16 24
1 12
16 2
6 22
13 14
8 6
17 18
23 22
5 4
25 4
19 23
12 11
8 2
18 27
14 18
24 15
15 25
17 20
12 19
2 13
24 48
2 20
5 11
17 5
2 19
12 13
12 7
21 24
19 8
21 12
6 16
17 2
11 6
6 8
10 24
6 9
24 8
14 8
18 8
20 9
12 9
19 7
20 13
3 23
12 21
24 12
5 24
23 19
11 12
20 17
7 20
17 21
10 19
6 19
20 11
14 10
24 17
4 20
24 4
21 11
7 19
11 8
16 6
16 17
19 11
7 10
18 17
6 20
7 4
30 60
4 27
26 24
27 25
7 5
22 18
4 23
13 20
10 1
2 14
29 15
18 22
3 5
7 2
21 14
6 3
13 24
4 15
8 14
24 17
12 16
29 8
11 18
23 11
2 1
15 17
1 13
11 16
10 16
24 6
15 7
23 6
2 5
18 21
7 21
3 24
21 16
6 2
23 25
7 27
28 24
13 23
10 9
30 6
19 7
23 21
3 8
5 13
17 10
22 27
10 5
8 19
9 24
3 22
15 1
21 24
11 25
15 22
6 22
10 14
15 4
35 70
3 7
3 4
6 7
8 20
24 14
6 30
8 1
23 14
12 32
28 19
9 6
18 1
24 22
29 23
1 18
33 18
4 28
10 17
19 16
26 9
34 7
15 11
27 21
19 2
7 30
8 26
35 22
1 2
27 32
34 31
24 35
21 13
21 8
3 15
33 9
29 33
26 29
7 22
4 15
12 33
21 15
3 1
34 33
34 15
17 6
29 31
3 20
32 3
31 17
7 15
23 12
15 5
17 31
23 22
18 33
21 6
1 23
24 21
21 20
28 30
1 17
28 31
3 28
20 1
12 2
20 15
11 18
19 34
3 24
32 17
26 52
5 4
8 11
6 24
19 11
25 8
17 24
4 15
9 14
14 18
10 1
9 18
25 23
12 9
11 10
9 8
7 23
18 16
12 24
10 2
22 14
16 6
11 24
18 21
6 22
26 25
17 26
9 4
2 23
6 13
16 23
24 17
18 9
14 20
26 13
21 23
1 20
3 21
7 8
1 17
17 18
6 2
21 18
16 13
20 15
25 15
25 17
4 12
13 8
26 4
8 15
2 25
12 10
23 46
1 16
3 20
7 21
16 3
4 17
2 11
4 23
9 20
16 6
20 8
17 1
19 1
8 15
12 17
10 11
1 10
19 15
14 1
19 22
16 8
18 6
23 22
19 16
20 3
14 3
9 6
9 15
5 19
8 19
14 16
18 11
12 1
7 16
23 1
18 21
16 5
22 2
9 17
23 14
23 2
2 1
8 17
4 11
22 4
23 12
15 13
23 46
1 16
6 5
7 17
5 2
14 2
13 4
22 13
3 7
9 22
19 23
3 20
14 10
14 7
2 11
23 20
12 19
23 8
21 11
12 20
7 11
20 17
6 9
3 2
12 6
22 12
17 13
3 23
12 11
13 21
8 12
17 12
22 6
21 17
9 11
18 10
13 10
12 2
19 8
23 21
3 13
10 13
6 15
6 22
19 9
19 11
11 7
40 80
12 16
32 15
38 31
6 11
15 36
3 4
30 14
4 13
30 21
26 5
14 32
34 7
18 26
17 37
28 37
29 24
8 5
2 20
4 24
36 21
23 26
29 36
1 3
17 27
35 38
8 13
19 4
9 12
38 26
25 6
27 13
34 3
17 5
8 9
17 9
4 9
15 4
31 9
19 16
7 16
1 4
19 29
22 5
37 8
39 7
23 8
40 17
3 16
15 22
27 18
21 10
29 34
9 8
28 14
22 12
23 35
29 22
22 35
13 38
23 6
28 21
30 26
14 34
33 27
30 18
25 3
37 30
14 6
12 26
21 20
38 23
40 39
35 36
27 28
36 27
26 38
12 21
26 6
24 8
17 15
20 40
3 10
9 17
20 8
11 17
7 2
19 2
14 7
20 13
4 9
19 18
7 4
18 16
1 8
19 12
13 4
1 14
9 10
9 3
18 14
5 16
9 11
8 11
5 1
10 17
5 17
7 17
3 18
9 18
12 7
8 7
2 4
2 8
20 17
15 3
14 13
18 4
6 19
14 12
12 14
19 8
33 66
21 33
11 3
24 18
28 32
25 32
18 10
10 4
27 5
24 22
17 5
27 32
33 3
2 25
15 5
15 8
9 12
22 6
31 14
12 32
5 30
17 25
5 7
21 5
24 21
13 18
15 3
25 20
3 11
15 23
18 15
16 31
2 28
8 21
8 13
33 10
5 20
6 17
33 4
6 11
31 13
19 20
13 2
33 26
23 1
4 19
2 14
25 5
9 32
17 20
20 24
5 6
30 27
12 7
10 28
29 33
14 30
9 28
7 8
19 7
5 15
31 5
33 30
3 26
28 29
4 29
17 30
27 54
14 2
12 24
15 1
1 11
21 22
9 17
10 8
12 8
6 14
21 27
20 4
1 23
20 26
5 14
15 27
5 16
19 26
17 23
23 27
19 5
4 14
25 22
20 27
27 26
15 5
8 27
23 11
6 9
27 4
2 24
18 25
24 17
25 5
7 15
2 25
2 11
15 23
3 9
14 9
3 5
4 25
13 14
20 9
7 13
8 14
8 4
8 10
12 18
18 10
13 22
19 21
22 15
21 20
27 2
35 70
4 34
25 7
28 12
13 5
19 18
2 26
31 5
21 4
16 15
11 29
30 9
15 5
9 15
21 15
20 28
18 35
4 26
23 11
12 4
35 3
8 3
8 32
7 28
22 21
7 8
10 24
19 11
12 15
34 30
3 32
26 17
17 6
16 32
23 27
16 4
19 7
23 25
21 13
23 3
22 5
23 13
11 33
13 18
25 27
7 10
33 23
6 13
23 9
26 14
17 4
8 10
19 34
29 21
29 9
2 14
11 18
28 20
25 10
15 14
30 15
29 2
30 11
8 33
25 35
13 16
11 35
24 31
30 4
10 32
1 29
38 76
25 7
19 15
31 35
37 4
1 2
2 16
22 37
37 2
32 10
34 25
28 14
5 14
17 14
5 16
4 18
19 18
14 33
9 4
30 31
25 20
17 15
9 6
2 29
3 18
16 5
21 9
20 4
25 35
8 28
25 33
30 22
23 12
36 5
37 26
22 24
3 2
8 18
32 9
35 9
16 31
35 24
14 38
28 18
13 23
7 32
36 35
11 29
34 9
11 6
13 30
38 15
12 16
30 38
34 17
10 5
20 35
7 26
36 9
29 10
13 5
30 27
14 27
10 6
36 33
17 1
18 16
28 15
4 38
3 6
19 6
23 33
18 20
19 7
16 26
26 31
16 7
40 80
26 27
19 36
25 29
14 21
13 30
35 32
40 12
33 23
3 21
5 1
15 31
14 33
5 14
16 5
26 36
33 5
11 39
8 23
10 19
31 2
40 13
6 26
6 24
31 4
1 17
26 21
5 32
28 37
10 38
12 37
18 13
39 16
31 9
33 32
26 31
13 20
37 18
12 9
17 20
2 36
16 28
37 28
3 12
6 11
1 32
10 26
7 13
3 33
15 24
20 9
37 4
35 19
28 20
35 20
7 2
21 25
32 30
24 19
9 31
26 32
11 13
16 19
3 6
14 12
24 26
9 3
35 14
32 28
37 26
12 25
19 10
11 14
12 19
10 34
3 14
26 17
2 4
18 16
8 14
1 23
34 68
29 10
16 17
19 14
5 34
15 9
9 26
7 29
3 12
19 25
9 29
30 23
26 9
2 23
22 21
26 5
7 14
34 11
6 2
21 31
2 28
21 15
10 21
7 27
2 31
7 22
25 24
24 13
8 32
16 3
8 20
19 2
4 9
13 12
23 30
29 16
11 26
32 8
3 22
4 14
3 11
32 20
9 13
30 31
12 34
1 18
34 31
13 1
20 10
29 24
18 19
17 4
11 30
4 13
18 28
32 9
6 28
16 32
18 20
4 23
2 29
20 12
8 26
25 26
13 2
27 5
18 15
26 18
17 6
36 72
22 9
35 22
35 1
10 8
3 28
26 5
29 25
29 18
24 33
15 6
23 3
29 6
11 14
30 32
30 16
18 13
16 11
34 35
23 16
16 31
8 32
28 29
2 10
5 23
11 24
26 1
23 5
5 1
24 5
6 17
27 25
11 8
27 10
28 20
33 8
22 25
8 17
27 17
4 18
8 6
6 5
17 21
16 13
35 25
6 27
33 25
13 23
29 21
29 14
1 13
8 19
21 27
18 10
19 2
2 21
21 1
4 19
22 31
8 21
19 24
12 30
33 29
5 4
33 35
36 3
26 33
9 14
15 9
6 19
3 13
10 23
8 31
26 52
10 7
14 12
18 23
5 3
17 24
13 8
22 8
9 19
17 18
4 25
7 20
5 4
2 12
11 5
16 22
24 14
4 6
3 8
11 10
22 13
20 3
24 18
12 22
12 16
2 18
4 14
7 6
19 12
7 18
1 14
22 18
12 25
10 12
24 7
3 24
18 7
15 21
20 2
9 15
16 13
24 23
8 18
3 25
5 15
9 5
1 12
13 17
14 26
4 20
11 2
5 23
26 16
25 50
21 13
9 22
2 15
6 2
22 6
9 12
13 5
15 22
5 21
24 16
14 22
7 5
4 23
12 13
23 5
7 25
6 12
25 1
21 15
17 7
14 9
7 19
24 2
21 5
6 24
14 19
5 9
7 12
2 8
21 8
24 4
7 16
22 8
10 3
23 14
16 6
13 14
6 14
3 13
4 11
5 14
23 4
14 8
14 12
6 3
16 13
11 20
9 7
5 7
18 12
