50
173 225
9 110
124 148
4 53
119 126
72 168
42 9
134 126
84 20
64 93
12 108
36 155
91 98
108 73
173 68
117 45
78 170
93 35
117 62
113 158
97 12
150 2
61 35
50 78
138 94
62 81
171 141
116 112
121 17
168 150
84 129
41 58
106 62
10 9
128 78
156 169
19 137
21 39
99 146
96 154
39 29
25 114
43 49
90 111
107 115
63 71
37 159
134 46
31 69
117 78
43 170
167 45
46 123
89 84
112 58
2 140
12 85
82 63
21 68
115 104
150 41
100 127
173 62
135 70
134 124
155 128
17 43
126 173
119 103
35 108
139 150
90 138
100 126
43 144
113 26
107 10
1 113
138 17
13 90
24 39
28 156
117 125
36 118
112 129
115 88
67 118
109 85
167 134
134 40
61 83
159 9
51 165
151 148
161 123
7 30
76 112
64 75
23 12
153 141
28 74
42 172
123 37
93 153
103 50
90 47
21 152
50 110
54 25
79 119
134 109
115 171
143 54
69 153
94 30
2 54
109 157
105 98
167 52
18 109
23 15
90 66
93 117
109 50
161 73
120 76
130 128
130 68
104 114
164 88
90 71
124 115
123 151
123 22
139 94
104 44
155 107
145 17
153 79
5 152
84 167
83 19
102 157
96 73
156 48
62 44
79 25
143 14
57 146
19 108
50 146
147 113
152 5
101 52
87 148
49 134
145 84
13 169
149 13
10 145
94 102
84 154
164 44
41 31
156 89
43 8
138 131
90 23
102 113
148 90
16 38
114 121
157 116
114 155
45 91
109 88
144 132
118 100
50 25
111 165
40 11
48 164
163 49
146 110
93 144
97 13
155 14
43 80
58 13
149 46
26 163
145 93
48 78
11 102
154 110
20 89
50 126
42 44
104 120
85 10
45 46
149 108
40 132
165 101
25 102
31 61
28 109
164 80
75 137
167 26
89 134
159 122
156 63
137 75
4 171
41 99
59 25
131 164
122 26
148 103
150 56
74 91
18 49
160 143
136 7
20 103
9 5
183 238
111 87
46 13
92 84
161 122
44 5
53 33
75 52
99 158
140 150
153 108
142 8
33 2
32 8
15 176
46 32
178 99
18 4
170 112
170 47
160 108
13 142
44 14
180 97
149 118
117 86
48 9
103 161
118 126
182 183
94 171
19 36
68 65
46 24
118 4
40 72
21 135
79 37
27 138
31 74
181 159
86 1
148 67
163 133
110 131
38 183
16 163
15 156
16 166
55 138
4 55
38 79
177 108
39 7
96 133
172 182
30 123
77 119
119 45
161 37
8 104
156 40
116 169
180 46
87 130
172 121
40 12
126 152
100 43
121 180
71 55
127 134
91 168
145 143
98 39
165 82
82 34
15 118
14 173
86 136
134 13
98 157
21 179
10 33
9 3
94 112
57 169
123 145
170 24
27 18
94 117
110 80
46 33
162 103
140 179
139 50
175 62
40 98
56 132
154 126
176 170
99 49
18 138
40 156
152 138
34 19
169 102
117 23
54 4
117 46
171 44
94 99
162 54
64 86
77 151
67 40
16 125
107 92
88 2
84 173
76 129
179 151
13 105
183 73
118 44
30 108
110 24
31 119
42 19
97 137
21 2
134 141
67 147
124 22
108 30
105 123
57 101
6 114
118 163
146 183
127 179
108 77
144 169
40 116
43 59
121 128
147 120
104 78
142 115
154 6
129 140
95 162
181 119
78 48
61 58
96 155
42 136
7 139
145 9
15 43
108 79
43 51
8 44
120 81
11 130
63 10
5 37
174 126
117 91
6 108
162 175
92 67
5 40
66 11
37 168
176 171
62 30
132 183
122 76
90 82
142 110
179 85
153 76
110 15
28 124
171 93
125 112
121 92
18 41
149 49
141 83
74 51
2 150
110 11
44 42
124 93
101 31
100 64
52 148
20 126
14 141
66 126
22 169
157 179
23 63
166 45
44 116
104 181
144 49
176 109
180 59
112 106
49 60
180 93
124 183
34 51
147 169
14 176
134 180
48 49
21 101
164 175
139 1
155 129
59 177
183 146
84 81
126 150
161 45
121 63
97 103
119 131
28 108
155 133
24 64
16 28
17 70
64 72
180 88
196 255
74 137
95 35
90 146
164 33
180 19
4 194
116 166
31 104
158 159
6 42
153 35
105 62
122 119
17 44
21 88
167 169
69 40
164 15
114 180
189 134
11 169
14 9
113 136
106 141
138 80
191 155
148 175
93 75
152 35
119 186
86 92
18 67
181 75
168 90
180 144
27 65
161 97
81 119
110 104
43 71
30 39
143 159
44 1
114 195
196 93
111 69
41 81
49 175
164 172
33 13
14 196
150 44
145 138
141 39
16 148
76 91
119 195
94 79
66 19
51 168
91 18
166 19
190 145
64 114
139 175
61 147
160 69
143 173
75 13
129 111
169 185
87 120
154 179
15 96
86 123
126 73
138 125
1 96
65 150
149 166
121 47
59 100
112 83
175 71
28 88
29 24
28 66
112 61
46 140
175 196
45 2
129 142
74 164
42 88
147 50
152 185
178 32
43 81
3 88
122 49
115 15
153 123
146 35
5 143
76 131
46 134
152 27
39 128
161 192
80 148
77 13
100 43
37 97
168 167
3 123
111 105
156 146
162 164
5 8
150 43
179 71
104 50
152 131
154 183
124 98
61 88
139 58
93 148
150 10
147 3
38 4
34 53
70 63
191 20
126 106
187 16
116 95
179 1
161 55
46 158
147 53
178 194
90 8
76 40
133 155
126 99
23 33
121 20
78 171
47 127
182 122
75 195
15 123
76 12
93 18
21 91
135 110
10 29
175 143
167 44
33 12
59 172
108 13
20 77
12 106
95 86
132 156
76 99
66 100
4 143
139 1
120 59
143 18
97 139
180 91
69 172
140 10
13 84
150 170
120 80
83 44
41 89
127 25
191 93
57 81
14 164
79 190
2 132
73 29
191 192
183 93
14 34
147 8
70 59
91 138
5 156
77 140
175 98
169 183
140 163
101 160
115 82
186 2
170 33
76 49
91 89
161 129
73 107
179 25
116 37
58 98
138 85
173 174
77 64
151 176
112 6
17 59
98 180
54 41
13 22
93 96
28 173
48 190
169 154
170 16
165 20
6 106
61 180
18 143
172 112
128 67
29 5
139 27
51 146
160 162
20 196
196 97
166 68
20 84
155 30
77 183
60 62
115 33
124 169
83 194
76 52
111 14
112 33
112 66
37 193
94 37
145 185
74 171
146 164
163 131
170 221
104 53
126 104
25 67
13 41
101 139
26 37
133 58
71 57
29 16
15 108
103 168
129 9
26 34
109 79
13 57
109 81
73 113
158 139
111 6
156 56
42 54
19 9
158 37
156 70
83 65
135 154
89 168
13 140
36 148
54 102
65 125
109 147
101 113
92 107
83 144
59 82
138 101
11 6
125 119
44 10
115 62
9 122
152 44
20 62
166 168
27 139
166 41
138 55
156 96
157 42
13 133
120 62
37 120
165 19
166 63
127 26
15 45
167 44
35 157
61 20
119 11
30 25
19 16
26 123
113 20
153 154
150 54
28 52
29 164
148 169
96 43
136 71
82 49
129 139
54 112
52 137
115 120
150 140
77 169
115 1
89 1
67 135
66 27
157 105
106 78
111 20
77 42
89 37
29 17
97 163
69 48
62 12
88 66
111 102
133 17
68 88
102 64
166 3
75 59
78 62
5 53
45 49
3 31
121 29
90 22
150 169
142 104
83 27
102 105
109 108
152 13
92 86
1 129
154 27
112 139
148 132
13 155
112 31
128 147
41 100
20 68
30 36
69 90
78 155
137 63
25 111
110 86
55 98
18 158
111 31
31 119
125 84
86 37
147 11
5 136
123 164
67 112
67 39
34 101
77 16
147 94
147 118
140 96
122 4
146 76
40 130
69 45
156 53
130 159
34 19
51 24
121 85
83 113
88 32
94 42
25 138
9 134
170 145
67 23
94 155
154 79
146 94
35 118
22 166
76 68
118 111
17 24
132 92
126 114
91 104
96 160
59 12
56 98
10 145
25 13
53 152
87 126
105 4
118 108
3 20
72 97
8 59
110 112
48 134
151 9
132 49
88 106
103 166
139 121
47 133
20 23
28 11
58 149
1 15
106 82
147 71
118 158
132 86
147 17
137 44
82 124
166 116
116 109
100 158
114 61
119 72
142 40
36 35
8 91
63 11
4 39
160 24
164 103
28 116
45 154
11 155
126 9
25 15
140 43
63 99
86 20
194 252
140 108
31 53
194 177
123 97
154 155
129 92
119 132
111 152
152 86
127 160
86 87
141 90
140 162
17 56
36 76
34 20
80 84
19 112
36 117
98 130
133 144
17 107
126 61
193 41
140 15
164 41
61 108
173 180
103 190
102 65
40 116
79 115
105 152
13 101
172 12
97 18
169 183
23 7
104 111
141 22
48 101
6 173
99 132
43 113
38 178
82 113
154 29
124 7
166 176
103 95
122 135
118 117
190 11
64 136
24 114
36 157
51 121
115 46
77 79
126 70
161 128
80 43
70 15
108 83
19 79
107 29
114 29
178 62
89 57
138 18
144 141
117 28
175 82
51 131
166 75
33 144
72 194
17 50
182 192
92 77
134 107
53 77
12 109
147 133
165 148
53 101
186 168
5 158
3 48
85 69
130 169
10 24
131 2
105 102
7 10
16 22
26 86
139 71
121 137
146 138
18 69
107 102
32 155
137 138
45 34
178 152
44 163
41 146
34 156
100 186
28 127
83 79
24 148
155 98
161 60
94 83
190 146
157 17
63 31
147 154
134 132
93 130
178 126
4 167
189 128
180 62
172 156
62 110
153 90
58 99
156 132
50 181
134 99
118 16
166 139
122 145
158 177
119 150
169 65
69 27
134 75
192 98
110 124
124 116
180 110
7 64
70 45
174 63
109 32
105 153
133 161
179 114
88 174
92 114
14 80
29 103
21 75
159 60
124 52
90 43
42 4
69 156
4 49
117 82
85 165
71 98
27 3
83 70
120 178
75 83
69 107
9 103
92 119
16 158
159 171
42 80
66 102
168 4
75 79
7 178
143 153
115 134
23 97
88 194
153 99
71 93
181 30
9 98
178 116
138 128
49 42
42 185
192 39
121 37
152 84
113 57
92 29
22 143
9 193
169 114
51 69
162 147
104 121
24 47
162 44
106 116
68 86
48 148
94 193
78 27
148 38
142 110
76 79
192 152
21 92
166 51
45 124
13 114
131 149
188 11
131 136
40 184
170 184
92 76
7 101
122 45
163 104
72 94
33 76
16 24
194 11
164 157
88 44
186 163
69 85
12 22
108 178
93 147
108 146
141 178
181 134
176 67
48 187
137 36
189 96
84 59
154 141
72 192
179 123
25 194
163 157
45 89
176 229
147 73
126 112
71 5
99 73
173 171
169 103
148 87
150 169
20 150
99 87
44 14
50 173
159 53
84 145
84 102
93 113
153 29
20 31
149 93
166 50
168 141
153 129
130 138
6 45
48 133
86 109
149 75
107 66
27 118
43 93
26 92
94 102
68 82
139 56
4 112
166 152
45 64
27 83
150 115
109 6
127 69
111 137
92 136
158 175
143 133
88 141
65 55
107 143
14 19
172 53
10 34
39 119
144 32
24 149
74 120
120 45
141 9
36 2
57 61
5 150
163 157
104 134
93 129
1 18
66 155
63 30
93 41
170 61
118 105
5 162
28 13
165 80
81 135
175 139
130 87
101 119
57 73
119 134
118 24
36 67
12 10
6 14
170 94
114 142
125 157
50 145
20 104
38 40
79 105
152 18
126 28
168 120
102 7
43 129
138 110
48 128
59 170
156 65
119 71
51 67
93 140
59 95
137 22
34 58
127 160
7 107
56 148
107 167
44 24
108 58
103 21
64 51
99 120
60 14
129 131
118 45
45 27
128 52
45 138
69 29
47 135
77 158
149 91
129 29
41 14
155 56
131 68
58 101
107 121
158 167
83 36
127 93
173 95
13 1
155 58
31 11
143 160
58 98
126 75
133 109
5 31
81 60
113 21
54 16
70 3
15 113
117 49
3 17
48 125
130 139
78 71
18 61
15 36
3 28
97 128
98 84
71 147
141 18
21 54
29 101
173 134
91 147
16 91
136 98
112 114
49 36
55 156
33 165
159 28
113 87
134 154
96 19
1 107
123 162
106 176
66 137
55 143
167 13
136 1
78 145
88 146
118 32
111 100
16 155
4 95
102 43
3 34
146 53
80 44
111 27
163 92
20 137
128 81
94 158
52 25
113 154
46 102
72 156
139 104
65 100
42 165
73 82
168 27
30 63
129 170
54 45
61 43
41 21
114 84
105 79
128 148
121 116
155 36
93 36
147 7
114 132
126 165
170 67
111 75
156 160
38 70
131 137
9 154
2 43
72 169
11 102
36 19
27 78
51 50
171 222
88 61
140 104
155 53
115 167
85 63
13 112
118 34
89 88
70 46
47 158
116 90
146 153
26 93
39 69
79 35
29 159
130 110
144 125
71 125
99 94
136 58
99 18
6 61
65 19
69 155
66 155
27 49
25 50
47 166
107 18
81 45
84 150
144 58
62 88
103 130
88 62
136 163
43 71
139 2
71 23
94 3
129 116
27 20
138 92
105 61
77 65
141 42
11 85
109 68
117 18
151 45
124 104
123 93
149 59
126 129
33 159
97 2
40 41
59 67
165 147
68 6
140 149
83 109
10 3
19 57
85 109
42 161
50 15
13 33
6 106
90 3
84 134
119 87
94 29
35 168
73 102
100 153
127 42
48 29
71 133
124 60
33 108
103 63
6 27
136 48
80 22
62 136
167 41
123 139
16 88
121 169
11 125
108 50
2 72
50 70
165 131
123 91
128 58
108 57
21 52
156 48
149 152
146 123
43 103
11 1
20 102
164 71
23 68
37 136
139 86
52 42
132 45
140 148
139 102
127 124
171 61
100 87
168 2
35 65
63 96
70 38
43 21
136 28
101 103
151 90
7 106
17 146
120 4
96 108
104 148
43 102
136 12
80 63
11 59
105 131
155 6
143 30
122 54
129 53
85 147
93 83
57 84
132 23
161 29
113 15
69 68
94 141
154 55
112 88
16 21
39 38
96 138
46 129
91 38
106 53
15 56
78 16
32 125
30 114
10 22
121 107
44 36
11 53
43 33
61 142
137 159
89 29
170 162
111 162
75 67
93 34
120 86
163 28
111 165
141 68
59 110
159 148
137 144
62 163
45 89
80 33
110 151
35 33
108 37
19 7
11 168
119 151
124 128
93 94
83 81
88 6
66 83
110 108
51 125
50 154
170 10
49 74
57 117
28 19
143 165
105 83
145 147
87 163
165 98
2 35
164 9
169 111
37 26
95 19
46 50
31 57
21 11
122 156
9 157
120 137
122 128
118 151
124 73
127 12
40 137
138 22
145 51
137 178
8 3
108 26
58 8
54 26
126 39
9 114
78 77
135 126
72 77
108 69
58 48
21 105
67 79
22 26
115 5
7 60
137 111
13 53
82 12
29 12
69 42
137 92
55 77
72 37
131 52
44 35
84 93
38 131
11 67
113 128
48 99
26 35
132 15
17 77
120 55
70 112
27 112
21 23
69 77
66 79
123 133
107 126
69 108
48 124
36 107
60 97
125 78
106 135
54 111
94 132
119 127
5 125
103 60
88 58
49 111
67 74
80 43
128 54
112 89
84 32
27 55
127 39
112 7
126 62
54 136
89 44
41 51
36 6
43 117
32 95
55 75
121 120
130 131
66 74
80 26
63 66
113 100
15 134
17 105
37 103
89 8
88 47
26 87
83 13
39 108
67 54
75 33
60 83
21 22
53 128
10 103
88 75
122 50
117 100
113 105
109 49
50 63
39 60
108 49
102 108
54 121
47 86
22 93
86 24
2 34
128 18
11 25
14 43
24 118
86 93
101 100
13 117
63 6
50 11
29 135
54 85
107 106
44 124
99 4
25 31
76 90
37 134
36 103
131 63
123 78
15 97
79 84
67 56
85 22
34 120
82 108
76 108
74 132
94 97
103 13
80 119
101 51
29 38
24 33
24 136
119 24
2 43
123 70
69 45
38 94
22 99
114 37
17 100
19 111
22 30
106 5
23 84
110 35
62 71
43 34
9 10
111 106
14 9
4 59
46 135
96 54
24 131
62 27
33 13
77 82
27 35
54 97
84 31
130 54
83 134
32 7
128 33
99 54
80 44
41 55
48 59
4 87
86 54
136 177
103 115
129 70
49 84
15 32
40 52
122 90
34 78
35 50
112 39
107 91
75 23
125 133
115 44
135 28
70 57
89 49
32 19
43 75
8 79
103 96
32 5
98 135
131 114
84 47
8 10
37 105
58 22
115 110
43 72
76 1
118 6
124 68
5 87
70 94
67 24
87 36
48 24
52 134
57 73
82 93
3 80
30 67
2 59
74 62
19 59
136 57
128 111
51 104
82 121
54 79
17 41
40 64
27 120
65 66
59 92
31 117
49 80
52 78
7 15
52 35
119 103
93 29
107 74
106 70
1 75
66 134
78 68
43 37
125 123
112 80
106 36
118 1
84 90
66 136
68 66
18 126
122 11
44 76
37 65
133 24
92 130
135 78
38 94
108 59
94 67
82 32
94 130
124 116
133 121
80 73
134 122
65 22
76 63
54 71
32 16
74 124
124 136
3 64
88 72
96 22
48 85
79 21
69 19
42 89
54 107
96 58
91 119
14 64
104 12
107 82
15 94
82 22
50 60
106 108
24 74
78 9
112 54
117 58
51 2
54 119
80 119
27 122
67 47
57 123
105 64
116 104
66 124
5 3
74 75
91 102
121 26
81 36
87 121
41 97
46 25
13 88
91 11
80 13
96 135
71 76
123 54
135 34
9 115
120 79
88 16
17 25
116 100
9 136
36 105
131 69
49 64
27 3
40 57
100 111
106 95
122 3
95 89
130 56
49 32
23 25
111 27
83 135
85 81
127 35
6 134
125 48
38 33
91 13
101 36
31 49
136 105
54 31
113 135
47 136
98 105
69 59
71 32
104 135
5 73
8 28
58 39
100 102
87 8
54 102
73 36
43 47
93 87
6 58
8 77
104 4
95 67
58 36
74 67
84 42
48 58
67 50
55 49
42 47
62 23
95 29
53 100
12 68
92 95
54 28
35 8
7 49
90 102
74 2
1 104
49 4
85 28
90 32
27 3
84 11
66 65
61 58
54 50
38 32
63 26
101 62
36 10
22 8
14 83
54 88
43 93
73 66
61 94
56 44
44 34
28 73
18 76
42 62
87 103
17 62
94 98
62 52
2 77
100 4
77 48
50 33
42 66
39 33
96 69
45 50
56 1
100 55
93 40
10 85
26 45
32 22
101 63
89 79
11 57
13 59
6 23
100 39
94 16
78 1
19 45
82 39
63 6
14 74
56 72
98 42
81 10
90 85
20 40
77 80
62 15
46 36
14 95
78 23
36 56
89 30
25 101
66 63
13 32
68 104
90 13
101 73
95 85
39 23
35 29
27 45
67 68
6 57
9 47
53 63
65 60
20 94
94 60
8 66
34 70
98 59
79 38
41 88
29 41
85 76
54 49
17 41
21 82
28 84
16 90
45 73
77 14
79 48
36 59
29 28
19 98
11 15
17 86
42 63
53 30
168 218
165 72
99 125
127 157
167 90
74 100
164 61
121 129
33 161
55 84
111 71
14 73
20 110
144 155
29 49
10 37
84 168
20 12
32 87
107 63
40 157
67 83
101 87
49 130
4 8
56 76
73 109
99 94
4 94
99 161
24 166
118 73
93 89
100 17
102 160
44 55
11 121
69 56
100 55
147 123
160 123
32 66
119 105
61 147
66 160
19 69
158 75
126 99
137 91
136 114
41 129
163 77
74 151
145 68
139 113
158 151
144 70
21 119
166 157
69 135
125 54
11 168
158 28
136 13
60 115
77 129
26 93
107 11
58 32
129 93
166 54
26 40
136 75
12 51
144 64
75 110
118 107
20 103
138 79
130 54
62 145
27 161
76 90
150 130
69 140
161 64
74 119
127 49
24 3
74 160
42 45
1 48
121 114
112 123
7 116
67 64
57 101
102 56
48 60
26 58
163 82
9 141
60 150
90 130
86 45
71 96
62 37
78 114
161 111
7 78
119 2
163 69
33 107
137 71
38 107
87 21
147 120
90 10
58 7
97 105
108 44
155 37
168 91
15 45
129 91
66 70
148 109
67 16
50 45
1 93
68 139
92 79
3 128
124 64
153 25
6 165
11 150
17 22
125 161
136 89
61 152
55 38
2 52
109 29
109 150
75 2
109 58
36 100
1 128
81 139
55 31
27 4
15 70
71 104
109 6
10 12
141 165
81 156
108 20
125 2
76 45
40 132
159 129
37 70
38 45
117 27
32 93
22 58
37 66
116 47
125 129
43 124
15 73
20 74
130 22
6 56
134 166
130 122
3 64
92 14
79 22
38 16
25 46
28 135
64 166
60 65
168 67
35 117
33 27
100 32
125 162
46 124
162 148
7 92
109 36
144 127
87 130
162 137
148 163
63 46
90 166
146 19
89 8
78 142
132 95
77 50
34 71
88 113
1 31
74 14
32 39
72 14
6 94
71 5
18 103
126 137
104 62
147 105
166 63
175 228
132 19
4 147
113 85
172 5
89 26
73 103
169 56
61 107
45 21
27 50
154 20
28 29
69 36
160 91
105 39
124 83
99 166
91 59
167 85
51 99
145 14
141 62
131 100
140 34
108 14
155 16
122 55
70 91
153 112
2 9
65 11
137 47
6 72
82 147
134 128
82 173
107 173
80 18
104 81
29 115
123 42
58 139
93 114
120 21
26 164
146 49
13 85
63 116
12 48
84 150
173 128
162 140
70 10
158 172
115 70
116 3
65 84
144 151
172 74
19 125
70 116
71 75
105 127
112 119
140 44
88 92
130 43
39 158
53 93
140 144
26 161
8 145
67 111
83 93
101 166
36 133
76 110
128 76
168 74
117 33
64 126
8 18
126 75
77 55
133 140
134 66
47 84
139 57
102 136
116 50
80 39
76 74
89 162
37 48
115 98
84 143
124 141
144 132
148 111
88 158
102 75
86 93
169 85
171 55
66 133
142 90
86 76
77 30
100 119
86 101
86 166
69 22
88 90
26 29
29 94
25 16
117 73
137 85
54 64
97 125
75 76
93 106
55 81
158 65
95 7
150 119
129 14
43 91
39 175
136 173
95 161
122 157
167 13
37 97
151 62
22 128
90 147
147 57
154 8
152 158
26 48
11 18
93 101
111 3
121 73
133 156
71 33
113 57
2 87
42 88
48 152
104 3
39 13
132 45
95 172
171 48
12 38
95 65
50 76
21 51
115 164
130 119
79 70
7 168
99 4
69 57
32 72
96 101
55 93
28 104
158 131
162 70
42 156
104 14
53 60
111 19
74 45
16 64
88 99
22 104
139 66
12 100
102 124
175 152
48 170
134 142
172 44
53 27
46 48
39 41
12 67
32 149
17 86
148 68
137 69
14 79
80 68
89 147
29 127
80 51
3 175
68 133
125 45
32 35
155 70
30 123
134 39
51 86
173 132
134 16
159 148
143 82
167 127
52 115
61 69
51 27
62 10
57 75
31 151
47 18
94 134
173 51
12 15
165 94
54 1
148 60
122 118
57 91
160 208
124 118
138 116
94 109
76 71
47 11
35 143
151 83
32 119
77 52
120 66
134 59
4 99
70 145
132 29
41 160
43 36
63 20
24 136
5 119
75 16
155 19
31 148
80 149
132 27
153 95
85 148
90 100
36 80
126 107
48 26
148 79
14 20
46 107
112 26
60 66
134 15
78 159
123 142
122 39
101 24
88 79
66 8
130 92
95 120
33 129
143 38
148 115
79 57
96 122
127 124
6 89
55 131
105 58
120 55
27 148
122 91
155 117
135 142
13 67
62 106
93 126
9 56
18 51
51 57
101 151
5 157
97 51
45 106
117 39
71 157
98 120
101 130
138 109
51 112
58 32
2 116
73 31
9 46
96 41
24 101
121 151
140 144
81 142
34 144
37 151
49 71
142 5
76 12
23 129
99 21
85 156
131 99
61 94
111 1
141 8
60 37
141 97
50 72
135 145
45 50
84 141
122 85
13 121
147 47
99 26
50 37
34 143
109 86
81 75
7 160
120 123
13 132
95 22
28 7
11 72
107 133
49 150
115 139
1 78
77 85
135 7
35 107
47 125
2 79
38 90
141 41
28 74
14 41
68 147
45 133
146 67
159 47
19 99
1 65
6 70
132 143
72 142
115 131
4 66
148 91
17 146
72 135
133 35
47 117
74 78
125 45
21 32
64 137
106 94
47 42
123 93
77 2
52 140
140 85
23 67
10 94
130 57
127 118
89 141
30 58
32 107
82 149
15 52
87 20
27 145
63 17
136 86
2 97
93 38
157 103
10 133
29 130
77 20
109 80
138 150
112 82
88 9
29 40
2 128
10 90
58 77
32 78
42 21
137 110
144 160
101 43
34 42
41 68
135 56
155 17
75 127
13 122
132 72
7 10
119 113
117 160
66 103
24 92
39 87
8 135
84 9
92 122
42 136
41 99
61 90
27 112
78 64
58 56
174 226
13 36
114 21
44 105
153 26
111 45
31 114
146 142
16 130
84 62
160 106
15 36
70 111
13 110
54 67
129 34
29 100
79 160
108 160
62 35
164 79
66 75
89 40
31 6
59 98
116 70
89 63
44 155
147 151
39 90
32 143
134 9
172 67
94 79
107 150
51 63
83 31
140 71
91 24
91 16
150 113
24 140
47 154
96 5
172 171
131 90
80 131
17 65
133 18
150 76
36 171
89 149
65 132
129 88
108 162
29 104
99 95
55 26
139 100
59 44
103 134
143 121
140 119
123 116
128 93
117 158
73 45
97 67
84 154
142 38
61 19
138 41
162 52
134 33
106 167
55 52
21 34
91 81
164 110
31 162
5 133
110 36
171 153
31 147
17 108
134 137
113 60
53 84
24 92
18 163
69 115
155 165
130 39
137 56
147 118
16 76
70 40
91 57
105 21
64 153
143 80
167 100
24 129
5 53
49 163
76 81
40 65
111 94
139 40
138 57
117 50
56 128
66 113
164 72
159 154
24 42
125 6
51 67
140 3
90 71
100 38
44 5
40 58
14 64
16 139
166 87
5 115
159 49
80 61
30 168
120 145
41 28
147 157
52 107
119 123
48 94
5 134
112 96
142 137
105 88
83 127
129 172
33 21
76 72
26 27
71 144
100 45
107 65
39 85
30 32
137 95
100 103
54 21
135 33
81 105
153 27
154 135
173 105
89 135
98 168
126 174
100 62
43 42
9 105
80 72
81 135
23 150
164 101
80 53
150 122
17 83
32 109
110 149
152 2
79 92
134 118
118 144
6 10
131 136
26 86
124 39
62 156
55 60
32 33
135 109
28 104
171 160
130 66
118 49
122 101
157 158
157 11
145 23
42 156
97 111
45 15
64 151
153 56
124 67
43 130
153 44
7 86
168 128
33 123
149 155
29 165
101 4
75 32
99 31
19 163
171 119
104 171
163 140
90 144
92 32
5 20
122 44
39 38
137 52
12 118
131 128
171 41
37 88
38 127
127 106
130 149
152 163
150 195
25 3
100 71
140 18
91 38
57 94
110 32
149 80
23 19
90 122
74 126
57 1
20 66
65 84
57 109
49 79
88 133
35 149
32 111
42 28
114 1
26 125
139 81
106 51
49 95
28 68
114 121
75 34
13 54
118 138
53 108
125 72
13 51
90 102
65 78
77 75
39 78
131 142
58 2
140 40
135 96
1 143
140 125
3 91
71 91
68 24
29 132
26 113
58 53
48 128
43 60
81 41
63 108
47 144
147 31
140 142
66 107
39 64
43 138
66 83
100 121
123 72
98 93
142 139
119 81
93 19
35 126
120 91
92 58
137 121
4 97
128 40
100 142
89 144
143 108
143 56
108 115
30 49
88 90
22 61
3 25
126 137
86 49
144 66
10 40
76 101
46 86
95 17
2 142
69 139
144 67
83 14
31 30
113 77
75 41
28 13
41 17
96 39
81 51
22 132
99 17
68 84
117 18
129 144
93 17
107 44
49 137
94 19
13 148
109 45
93 136
102 90
139 135
122 81
138 36
61 62
10 137
68 78
134 32
150 88
16 126
2 82
98 81
112 74
8 33
98 116
101 130
67 50
148 68
98 55
140 34
66 75
131 43
84 137
142 60
45 68
135 34
22 38
133 118
44 128
30 99
68 61
74 98
108 96
87 75
20 100
14 109
5 93
45 15
63 34
138 129
16 2
9 122
46 70
122 133
119 103
2 68
136 13
72 16
57 17
69 63
137 103
27 133
69 103
125 51
93 37
131 51
14 123
96 112
88 25
19 112
44 99
88 27
42 67
132 137
138 67
125 59
61 109
38 54
119 15
104 30
134 33
81 108
96 41
81 14
16 138
39 14
111 16
70 38
110 71
9 68
23 144
52 46
71 81
128 94
11 135
155 202
11 3
67 129
80 70
33 69
19 133
83 113
66 81
80 12
39 62
60 13
4 21
88 20
65 135
87 155
140 126
146 79
128 77
143 89
109 108
98 90
129 69
35 42
110 63
10 51
56 94
88 3
53 73
32 107
116 62
20 46
14 77
81 8
130 97
69 1
40 3
11 47
111 34
40 68
132 69
118 68
82 45
36 109
144 83
147 15
37 73
106 129
122 150
93 24
116 21
97 131
145 48
72 130
135 25
114 99
70 26
151 90
152 33
118 117
78 64
141 32
89 151
20 114
105 34
142 14
108 148
27 133
58 34
52 142
137 16
139 124
81 17
137 54
54 109
118 13
119 43
49 20
42 10
59 135
86 99
123 32
48 1
110 11
102 42
15 63
40 18
17 44
141 108
2 40
77 49
30 155
135 24
15 11
107 149
143 29
122 39
55 76
17 104
33 2
59 97
86 138
91 58
35 153
37 87
87 133
3 128
25 118
4 137
24 22
99 95
109 6
148 127
57 20
9 117
87 136
57 92
2 3
75 115
32 26
65 68
109 86
39 153
61 109
91 72
7 97
19 90
103 23
135 75
61 118
107 129
107 124
78 152
68 135
71 64
109 91
155 133
87 59
3 7
67 153
10 81
155 120
139 26
75 72
101 112
63 111
34 138
42 61
139 115
17 31
38 7
135 153
154 37
41 81
37 104
106 54
125 128
127 45
65 19
39 13
69 147
68 43
9 69
90 129
63 137
36 32
129 152
27 83
152 12
103 71
49 23
86 130
145 83
31 12
45 132
148 20
152 28
103 131
149 98
114 115
69 71
46 73
38 109
120 101
144 32
131 129
21 3
91 82
20 83
73 58
83 7
117 39
110 59
128 7
19 126
116 65
129 141
38 99
144 34
96 81
93 36
139 66
31 67
122 100
145 188
4 126
138 14
68 55
10 50
144 94
51 65
9 134
70 40
141 30
81 120
142 126
140 48
78 76
44 82
64 57
61 122
76 48
5 108
40 116
111 45
145 94
92 68
5 34
91 108
43 24
57 133
47 4
101 102
41 142
82 134
41 72
82 10
5 33
18 131
1 26
136 6
108 1
91 5
6 85
44 74
96 112
9 60
139 47
62 67
134 58
119 58
95 31
72 26
123 26
35 32
50 114
27 71
61 40
132 128
90 12
69 28
95 104
64 107
73 129
39 125
120 34
13 112
133 107
97 89
125 28
40 99
56 91
69 24
19 106
106 16
145 83
21 15
68 115
14 113
60 90
118 18
128 28
49 131
50 56
76 87
61 56
84 108
5 61
12 125
83 88
85 31
111 24
115 97
21 89
21 86
128 114
133 81
107 85
25 15
53 78
95 68
45 62
47 58
108 26
120 93
41 96
113 57
128 121
101 111
81 124
45 86
26 90
33 61
74 39
107 20
35 84
139 85
55 15
144 9
45 92
134 10
130 133
110 113
124 51
63 72
134 123
131 45
76 117
136 143
80 68
43 115
109 36
42 39
6 102
103 39
66 45
101 54
143 65
122 83
16 99
11 145
21 130
136 26
91 70
58 110
42 100
144 96
15 61
19 3
91 120
116 37
8 49
126 49
18 37
103 42
72 76
62 122
92 34
4 141
130 102
45 83
26 36
88 62
119 26
67 80
50 17
109 33
33 139
52 111
97 123
10 144
134 3
111 49
44 24
101 23
92 127
6 36
83 8
135 138
44 75
1 34
32 136
117 26
57 98
101 113
22 74
32 52
34 110
144 73
59 56
113 122
57 77
98 141
197 256
177 192
56 196
109 195
167 3
123 157
104 169
97 186
67 69
25 52
68 107
101 147
18 142
4 26
55 42
68 114
85 158
177 10
26 140
23 11
146 106
6 123
134 137
10 51
58 50
61 100
191 181
163 58
145 64
149 86
13 93
96 124
108 90
163 10
12 108
136 67
148 21
144 38
154 81
62 25
41 86
85 130
100 80
136 43
41 61
58 61
22 113
79 191
99 111
170 111
1 169
96 35
36 35
172 188
36 27
87 38
37 38
142 102
69 29
50 157
96 85
109 41
75 2
67 59
154 132
181 96
21 166
74 186
54 88
186 129
137 96
161 65
123 132
119 120
8 166
78 77
72 172
189 173
14 86
40 121
29 177
175 141
189 109
121 123
184 36
7 115
18 92
153 84
76 143
30 32
4 75
160 168
23 110
18 83
41 32
120 64
21 180
189 112
69 6
119 1
12 184
5 149
192 2
4 10
128 109
152 139
180 72
22 89
9 148
149 122
109 11
108 103
134 110
136 91
10 40
187 130
118 179
53 191
124 58
78 105
91 18
36 108
151 193
85 59
131 114
186 70
66 159
128 125
143 95
108 59
169 110
58 99
135 7
104 197
172 4
4 193
15 54
131 100
119 107
99 41
179 109
20 172
167 109
14 147
185 44
110 149
107 114
30 51
62 135
120 141
53 186
19 143
24 44
86 89
195 106
75 99
87 188
46 41
45 95
82 96
75 192
167 33
5 190
66 187
192 93
90 65
50 137
66 33
129 188
121 188
38 164
13 62
60 182
113 53
103 194
107 47
176 23
172 78
164 173
132 63
29 175
23 50
178 141
181 178
101 123
143 132
148 188
107 75
56 191
39 58
27 85
77 185
158 90
120 180
178 53
11 150
191 183
75 42
155 49
87 178
174 111
70 135
107 189
41 73
55 38
30 12
120 183
50 148
14 18
166 77
114 107
37 41
177 6
179 196
174 78
60 178
21 92
28 56
11 46
26 59
72 20
32 80
161 119
118 100
112 73
96 80
23 156
105 154
8 160
81 7
23 134
75 153
144 10
10 168
36 55
179 193
78 146
156 193
94 134
65 80
196 63
166 152
188 139
94 35
111 13
125 46
127 141
141 185
84 74
41 88
82 77
112 85
192 29
102 193
156 74
137 154
184 47
118 153
93 23
36 96
78 42
116 35
103 34
41 111
117 83
86 91
49 30
105 19
17 41
84 91
1 59
22 56
64 40
82 38
63 71
21 108
19 3
52 41
50 37
68 77
20 89
76 54
93 44
8 70
28 2
72 100
19 37
56 45
12 19
109 67
67 64
30 32
77 98
30 57
101 25
45 79
18 22
66 19
26 106
116 46
102 107
106 14
10 106
41 82
12 24
42 19
41 118
34 19
47 73
114 82
53 79
62 88
2 42
55 50
58 84
23 88
23 78
44 90
48 16
67 53
74 13
53 92
13 102
90 16
40 56
7 65
101 70
50 108
22 48
12 39
36 49
45 15
14 31
53 23
6 26
105 1
24 105
35 70
22 61
86 28
88 40
92 68
50 10
66 24
5 6
39 69
72 68
38 60
89 79
8 79
45 84
5 14
89 8
1 35
118 116
55 86
54 3
56 113
13 41
71 97
2 96
54 91
100 66
10 2
96 36
63 35
60 86
31 9
3 25
19 105
80 44
115 89
70 89
87 10
97 78
10 30
63 52
12 91
47 10
10 82
67 34
18 58
46 107
84 60
13 64
1 32
15 90
57 10
10 77
44 81
96 1
91 33
82 20
98 35
5 112
110 98
28 38
102 84
22 91
98 86
115 49
73 82
65 110
100 81
44 114
83 68
30 64
21 26
10 55
106 92
9 111
146 190
109 127
129 84
124 11
12 59
112 25
5 73
22 50
122 110
53 138
92 123
35 17
5 117
22 112
63 10
97 88
108 120
97 85
132 113
127 37
106 36
133 110
36 93
18 105
71 131
55 105
84 95
65 110
126 143
116 90
39 104
17 37
132 16
141 13
125 14
141 62
19 69
99 95
77 51
6 52
122 95
133 118
10 115
84 34
83 51
5 96
23 1
62 100
23 141
123 77
48 142
45 59
88 111
21 104
29 74
117 105
144 42
26 89
100 17
42 5
144 99
138 78
51 17
1 76
90 3
78 142
24 68
68 1
14 56
65 88
97 50
48 65
132 129
16 2
126 64
116 94
56 17
38 107
118 112
77 38
54 82
98 94
74 63
54 126
68 137
11 123
66 125
15 119
5 14
81 72
38 87
34 93
70 40
32 57
89 69
87 103
3 42
23 69
33 127
81 19
63 122
14 113
58 119
75 77
40 89
9 54
38 91
116 81
119 55
96 70
40 100
35 41
103 85
127 33
117 95
135 62
141 74
129 15
23 94
37 35
109 95
64 4
134 7
5 21
82 64
74 13
41 65
76 54
99 110
16 116
12 34
64 42
103 146
114 2
115 22
10 15
13 19
12 26
72 52
116 110
52 72
134 48
100 39
81 52
116 17
44 99
45 62
8 92
33 43
49 7
51 30
37 108
62 40
115 48
95 136
82 142
124 13
21 80
105 10
60 76
22 94
143 65
33 68
4 21
127 18
118 10
91 108
129 117
16 18
100 19
39 90
16 17
106 101
97 76
91 140
119 81
117 140
41 87
49 81
6 134
134 14
120 31
123 8
1 52
36 135
32 81
126 30
143 63
84 42
72 139
136 141
119 155
30 63
6 7
73 46
99 29
98 3
35 117
90 80
101 72
24 49
29 27
10 66
34 6
11 29
114 115
116 37
83 14
19 22
67 79
38 39
63 87
12 40
6 42
74 11
111 107
96 87
89 107
47 46
39 21
14 70
12 79
110 60
101 44
8 43
74 111
75 108
74 5
15 60
51 92
19 93
4 33
96 5
28 17
41 59
45 46
16 42
87 28
113 42
14 51
57 11
9 30
17 94
108 97
79 3
70 102
109 84
96 2
11 38
69 73
82 15
39 89
74 17
109 58
40 111
41 19
72 41
66 93
103 29
26 8
94 103
106 54
113 102
106 31
114 61
91 8
2 93
79 57
24 68
103 52
58 100
100 101
55 104
70 44
24 89
119 10
5 25
9 93
72 82
32 86
46 68
43 97
41 49
46 61
22 106
41 117
64 4
16 118
33 45
113 3
11 35
83 112
53 66
98 106
59 92
2 27
60 6
8 34
99 3
55 9
70 92
99 70
53 54
66 100
56 118
82 76
49 44
110 87
62 109
92 33
20 51
68 108
41 8
23 55
69 26
80 109
29 64
87 16
111 68
76 80
62 34
35 31
27 74
113 44
85 64
80 31
97 70
42 90
22 74
115 8
43 84
38 97
58 112
116 18
7 46
110 23
39 92
27 114
86 8
7 45
105 94
65 85
70 57
50 82
103 87
88 67
13 11
197 256
184 142
142 71
155 61
96 159
31 47
192 173
164 170
175 48
176 3
14 56
127 179
161 119
175 21
33 1
74 40
99 18
171 65
158 4
145 144
20 115
59 181
157 130
115 102
51 123
85 178
142 165
156 29
188 84
174 163
175 186
183 179
51 183
51 170
135 26
177 33
105 35
83 111
5 96
1 194
61 33
49 56
14 119
121 78
92 84
138 97
179 169
132 72
171 85
184 153
146 180
102 77
173 84
63 108
51 102
166 114
38 150
145 111
126 177
65 27
177 17
129 151
9 88
96 184
151 94
72 176
19 159
94 133
52 29
13 111
87 194
92 160
40 172
93 164
93 72
6 170
192 191
173 100
8 7
105 147
37 4
55 10
107 150
67 28
150 152
191 24
151 90
134 85
40 22
163 75
134 45
78 196
196 49
84 90
183 149
194 37
89 146
90 142
141 3
14 180
89 82
26 77
77 40
6 142
4 170
76 162
82 157
88 115
6 140
126 25
156 88
29 177
176 147
157 140
190 21
174 176
64 69
158 83
65 6
181 176
104 60
85 20
75 43
53 36
12 176
137 3
49 95
67 48
130 143
107 177
184 109
64 114
140 66
88 33
25 28
25 90
12 112
64 55
98 168
103 27
32 142
105 11
175 40
128 131
143 118
144 129
117 66
101 188
77 175
177 75
34 21
104 12
143 176
88 153
92 34
145 102
51 7
183 114
44 117
104 169
189 139
170 90
135 184
117 195
148 101
40 115
154 86
196 18
36 159
86 106
89 196
168 16
68 117
28 176
78 24
183 125
133 123
191 115
121 28
159 73
163 120
160 163
159 10
139 72
164 131
169 18
78 132
5 101
142 157
13 40
160 119
129 55
19 122
114 27
102 58
95 135
114 118
57 97
15 54
55 95
149 21
2 116
180 188
62 3
176 112
119 78
82 59
194 140
74 89
45 32
84 15
110 184
107 51
3 98
113 167
4 49
75 95
86 44
194 156
191 14
62 14
140 145
78 177
130 175
175 78
6 109
169 36
117 123
146 109
110 10
167 25
16 46
116 6
3 181
28 104
118 17
40 171
185 31
43 100
15 40
141 105
147 175
145 74
26 17
27 139
32 193
56 153
31 40
120 169
33 42
189 162
170 42
195 8
156 168
11 153
3 65
173 114
146 190
18 47
114 87
100 103
55 12
66 54
69 88
13 51
80 140
82 87
135 92
49 90
70 107
34 117
15 1
97 38
81 1
111 48
141 68
9 125
103 83
27 57
10 9
144 69
22 60
105 103
32 86
54 4
9 75
109 45
66 119
62 101
33 87
137 84
77 82
104 21
27 49
61 81
103 17
73 142
7 52
103 1
119 116
49 68
29 4
67 81
131 48
93 109
18 36
5 37
99 17
49 62
53 52
137 93
87 22
118 67
93 2
3 32
117 103
102 145
128 104
95 127
97 105
9 108
136 18
80 82
14 76
11 61
49 17
135 93
134 38
47 96
29 79
26 97
109 15
48 126
2 142
105 57
112 7
17 32
124 89
18 142
60 3
5 17
12 64
77 32
14 44
68 139
42 129
59 126
127 128
37 132
144 28
35 12
64 126
27 72
23 21
39 19
64 20
57 87
125 88
28 141
66 22
105 16
125 28
23 12
140 135
27 83
9 90
128 94
143 85
111 1
50 30
22 67
94 141
113 38
110 132
128 34
111 74
133 138
39 67
33 25
27 135
36 76
21 36
115 129
94 81
120 101
62 2
5 143
78 89
141 10
120 37
68 116
86 141
96 88
137 92
139 101
107 33
138 125
110 133
28 65
100 110
142 5
84 140
37 71
65 48
67 90
125 26
94 7
45 80
42 1
35 24
43 3
76 47
133 120
121 88
24 41
127 120
105 47
70 45
145 54
42 116
24 32
124 145
61 97
35 22
126 67
129 3
145 41
34 138
74 16
99 118
113 142
106 61
131 96
55 40
5 68
83 62
122 69
67 75
129 41
98 8
46 45
92 14
39 90
104 39
55 76
5 61
23 47
14 84
114 148
3 49
70 104
9 16
25 9
56 31
100 111
19 95
77 22
77 6
97 38
26 97
69 16
22 21
80 8
80 88
59 86
39 14
43 87
2 53
85 33
3 55
110 56
81 102
83 107
18 46
74 72
104 8
78 56
68 23
59 81
23 60
19 1
99 109
25 69
67 90
53 61
109 28
6 79
111 66
35 106
73 114
2 39
14 37
88 54
24 114
1 63
113 44
33 32
33 57
100 99
48 23
61 77
6 45
33 102
90 89
99 9
71 87
49 78
63 68
31 102
8 83
54 7
84 65
47 7
47 30
78 15
35 10
8 76
34 54
35 17
74 37
68 46
15 71
100 84
82 35
74 79
108 44
47 80
100 25
110 111
71 31
81 24
52 34
23 8
39 78
44 89
76 83
112 110
55 62
27 65
97 106
65 44
46 94
13 40
35 74
37 77
33 54
36 68
108 109
103 4
8 53
71 39
108 79
95 34
100 16
6 112
17 43
88 70
54 95
64 113
20 58
59 77
18 48
61 56
82 18
39 58
1 111
35 15
56 11
87 4
39 18
15 103
25 65
92 100
29 75
57 11
101 70
44 71
80 43
47 19
27 21
42 23
76 92
12 73
76 77
48 67
61 6
103 97
83 37
98 59
42 84
63 59
41 88
86 55
44 90
58 39
68 86
108 35
194 252
6 73
165 172
49 83
179 110
65 135
161 77
108 132
163 21
63 94
17 83
190 134
123 24
149 35
152 79
34 40
54 91
99 13
10 87
194 79
101 185
59 43
21 83
89 107
16 158
46 59
102 85
133 152
128 119
147 15
55 174
95 148
71 53
155 22
50 115
10 177
159 144
19 188
58 76
137 87
64 1
135 117
164 173
26 73
68 194
113 9
148 179
102 34
83 96
124 131
190 158
5 177
141 169
33 180
173 21
159 36
132 38
167 189
63 31
74 140
14 112
21 92
25 17
38 163
66 118
6 187
64 168
33 76
134 20
179 19
44 139
150 173
27 163
130 174
162 118
167 181
194 85
95 87
111 78
136 91
142 164
32 39
32 36
87 44
40 109
28 146
71 123
158 141
192 86
61 18
150 155
119 11
151 176
108 49
19 40
74 179
162 149
53 62
76 55
70 166
47 135
114 170
161 147
191 153
87 142
74 18
159 28
46 18
145 7
115 99
140 175
178 50
81 43
181 59
84 59
157 40
108 160
35 55
150 66
80 91
35 150
140 74
60 117
31 177
94 179
30 1
192 190
80 144
104 119
24 113
46 185
40 31
37 23
45 108
57 104
176 5
148 21
183 38
135 119
173 101
37 39
47 170
4 58
99 61
115 66
41 140
117 166
56 147
86 25
51 35
38 63
115 109
184 139
186 132
117 94
101 120
136 126
173 192
191 125
137 142
48 148
17 42
140 106
36 168
81 86
192 176
161 163
51 40
23 20
27 145
169 16
57 56
23 158
36 164
82 152
138 95
54 76
104 27
193 65
60 165
12 77
161 100
10 75
155 12
78 9
68 81
55 44
184 171
26 57
96 83
6 144
93 23
94 36
30 172
100 44
128 64
168 179
130 175
132 166
161 73
131 119
161 186
31 174
65 152
152 10
139 33
123 189
114 57
66 31
33 127
134 99
91 93
179 115
171 182
13 190
97 56
149 94
54 190
145 48
16 121
52 106
140 147
105 149
75 92
45 42
49 95
31 133
163 102
163 114
190 73
56 156
154 163
189 161
83 181
133 33
158 52
98 14
30 88
40 179
85 115
16 131
152 91
164 94
50 120
51 174
107 37
181 150
122 162
112 9
36 103
32 29
96 176
179 13
198 257
196 104
107 162
82 84
55 94
31 178
116 198
18 44
115 128
68 23
150 18
33 163
115 142
25 178
38 130
81 79
150 3
94 100
94 71
186 193
179 131
158 125
96 56
71 97
68 74
95 9
94 8
21 37
18 86
165 77
72 47
104 138
72 111
66 85
92 107
16 165
148 97
174 99
22 36
150 97
127 191
55 162
195 98
196 141
78 166
123 155
95 121
130 91
16 112
37 171
28 97
28 158
163 118
185 74
18 121
14 118
103 161
117 58
197 196
25 52
125 69
54 95
120 124
13 113
166 116
124 20
66 157
38 6
142 14
62 35
163 6
94 105
72 131
156 111
28 101
9 105
151 78
95 10
93 185
147 133
176 149
43 162
159 107
59 90
24 109
161 18
111 4
151 31
26 179
137 77
96 193
12 176
124 169
37 64
174 80
69 59
139 38
116 70
17 97
190 198
68 3
177 96
177 145
14 180
49 55
128 7
85 167
194 24
158 6
68 167
173 66
62 64
155 20
65 136
165 160
5 139
7 192
144 75
161 93
179 180
100 144
54 62
185 53
86 103
80 158
25 152
70 41
131 58
129 176
191 141
166 46
116 146
55 193
7 149
108 16
111 151
72 121
175 50
78 19
68 105
78 81
145 164
173 62
155 4
165 124
61 123
182 77
131 164
129 62
69 32
13 23
69 196
46 86
125 23
1 23
57 38
135 178
166 176
48 130
157 26
147 121
109 51
89 147
154 17
145 142
11 112
142 42
9 77
197 130
188 33
91 45
81 170
69 178
88 36
121 149
143 55
187 130
166 106
82 79
5 167
172 171
187 71
92 46
95 58
187 125
105 24
107 196
124 49
7 137
41 180
116 120
147 62
99 27
184 20
80 98
189 152
195 126
93 136
57 174
136 12
116 174
69 70
180 143
185 119
39 1
125 150
104 183
39 88
111 161
17 188
176 20
66 184
188 134
187 46
74 107
178 183
4 24
100 120
135 110
119 74
3 86
6 176
144 46
64 106
2 62
97 63
159 70
172 155
121 19
17 4
88 183
141 62
141 178
163 95
79 132
104 140
21 172
53 134
21 18
134 94
6 141
17 198
5 61
85 196
17 18
131 142
84 10
125 84
40 41
174 191
176 99
19 83
70 16
48 187
43 86
27 138
103 31
90 112
128 166
71 18
3 82
60 95
112 67
21 54
1 13
10 40
11 51
4 110
94 61
26 12
74 60
15 84
17 35
66 111
108 45
62 80
124 69
6 118
88 38
57 12
46 22
117 62
98 105
26 47
85 41
53 78
122 1
58 3
126 16
34 84
20 94
92 104
116 61
58 55
44 36
9 58
19 84
123 79
77 52
33 21
5 73
110 28
7 90
127 84
108 78
112 125
77 79
89 88
126 121
73 92
106 87
7 53
4 86
126 43
80 46
73 104
92 88
71 70
12 94
54 84
125 44
12 120
126 37
84 3
14 92
25 3
18 87
97 105
1 106
119 127
94 111
40 127
95 39
33 115
71 35
22 67
73 101
91 56
3 102
25 4
82 11
9 53
88 19
56 51
84 103
22 90
119 46
65 113
56 16
22 8
76 3
37 100
111 85
104 26
82 37
49 12
70 116
94 81
45 62
102 11
126 22
20 116
43 96
74 99
74 63
20 63
5 27
81 94
49 128
24 28
39 62
87 38
73 112
12 55
30 46
46 7
1 127
51 85
36 10
39 89
63 40
93 82
49 104
17 34
60 118
58 103
112 22
105 32
31 101
16 74
113 14
105 64
120 38
97 122
95 59
110 115
70 7
115 43
16 5
31 123
65 99
43 83
72 5
113 60
44 59
68 100
38 83
59 40
29 23
100 74
85 43
15 26
38 8
66 5
73 81
114 111
58 39
33 126
33 83
108 7
47 58
93 88
47 126
16 39
66 77
134 174
68 70
74 114
128 101
11 17
6 99
133 13
33 72
128 70
56 52
68 51
9 43
27 49
22 32
72 108
24 64
117 29
101 132
130 53
20 103
20 93
133 46
107 80
21 28
110 103
7 42
30 16
130 65
7 60
12 110
3 91
97 76
71 115
121 113
119 122
9 104
32 101
46 41
11 114
11 31
88 108
56 89
25 54
11 108
45 100
22 126
79 122
86 116
80 76
122 51
101 28
32 91
7 61
4 31
29 62
25 44
98 105
31 7
112 71
133 2
73 77
39 65
92 86
114 36
30 100
26 55
17 31
77 106
64 130
85 63
84 51
118 89
70 123
105 109
5 61
117 6
51 82
70 106
96 25
118 9
75 80
109 56
18 4
87 7
83 71
23 100
103 118
111 73
123 62
60 69
101 72
118 64
75 34
111 97
131 129
48 133
22 114
80 46
14 106
133 131
11 123
17 51
22 18
25 29
22 125
78 90
78 12
42 71
125 39
120 108
89 85
57 72
134 44
34 32
20 55
44 45
90 43
6 5
3 5
16 126
100 69
19 131
123 25
122 119
43 90
45 62
20 73
126 30
117 83
114 51
90 69
71 16
78 4
64 113
79 19
34 108
113 61
92 14
114 89
75 32
4 3
93 24
112 16
70 77
94 116
77 26
36 120
11 16
118 104
13 7
128 65
24 8
109 5
57 33
47 117
85 55
1 65
33 100
49 41
128 119
33 44
95 67
23 127
23 36
122 75
96 125
124 20
12 17
67 48
83 79
112 37
35 92
71 112
23 88
86 97
155 202
106 48
83 35
100 87
41 98
82 73
146 51
126 92
72 108
73 38
136 138
30 148
30 12
52 146
47 105
16 83
56 136
98 135
59 16
20 128
53 101
11 122
26 75
8 116
124 100
45 145
83 92
65 115
37 87
106 18
13 88
95 44
145 18
115 124
42 70
62 154
19 140
104 151
1 12
112 68
124 131
134 87
131 48
83 113
135 30
3 42
4 104
143 5
14 13
39 93
17 65
106 90
79 99
124 144
135 9
124 68
34 102
17 143
46 3
92 71
20 142
105 45
149 100
88 70
78 101
92 115
31 99
68 43
8 107
125 124
55 25
68 74
23 137
53 13
136 10
61 45
57 114
55 79
33 3
110 35
93 145
8 58
144 44
151 2
16 25
85 33
15 64
77 150
79 51
104 155
13 132
28 113
109 45
22 3
42 78
103 110
18 141
86 78
104 127
93 129
59 64
112 44
42 19
116 122
5 14
131 78
142 56
75 66
76 68
81 56
140 53
131 15
154 115
126 88
155 78
38 141
36 32
63 36
26 14
29 120
131 135
79 149
13 11
49 51
143 3
31 58
93 83
27 135
104 153
93 79
36 6
33 145
27 61
91 69
63 31
129 141
52 102
108 155
148 85
109 22
94 103
122 45
47 87
7 49
24 60
115 14
138 56
45 22
20 47
107 155
29 127
87 141
91 55
123 66
27 32
136 140
17 71
149 130
111 123
145 84
132 13
81 40
16 129
63 42
121 99
115 126
103 65
78 66
63 51
23 16
20 64
22 48
108 112
98 136
32 102
57 94
91 38
98 12
59 102
50 11
96 10
147 118
44 93
146 67
107 58
114 23
27 148
50 136
10 57
120 151
17 19
52 65
146 107
100 23
108 4
132 65
84 7
118 133
126 49
41 119
27 79
11 51
15 93
130 169
80 54
97 119
47 104
106 55
103 84
36 99
56 103
118 60
63 114
2 114
120 84
36 2
114 43
12 24
59 26
121 53
91 83
100 27
97 81
72 61
76 42
110 71
79 93
60 85
47 124
116 8
40 33
107 114
55 100
61 51
50 40
120 34
36 43
107 123
60 121
70 94
61 40
37 74
83 1
48 3
37 77
6 95
13 7
93 130
18 40
15 26
121 95
118 128
87 16
37 41
49 87
59 7
68 97
12 54
5 51
100 2
23 110
110 83
46 3
57 6
83 122
1 47
6 100
105 24
82 64
58 57
36 80
38 93
27 70
57 12
22 88
27 3
125 65
106 96
88 7
58 86
51 97
46 12
66 82
66 129
117 70
128 4
44 122
60 34
64 89
79 24
70 28
48 63
76 59
38 74
5 50
69 116
105 100
57 97
74 78
70 21
21 34
124 23
72 68
120 38
74 84
115 110
52 49
130 53
112 88
128 75
46 83
108 60
112 8
38 117
93 54
83 87
14 99
68 77
35 124
16 95
74 43
115 109
43 103
120 90
57 67
29 99
117 88
64 21
87 5
13 116
115 35
110 14
81 98
45 28
18 8
123 71
130 24
101 92
16 86
33 110
67 103
129 31
84 7
19 89
50 57
90 70
1 115
124 69
95 48
68 101
16 106
26 33
67 85
126 116
82 104
116 124
4 120
124 34
47 6
14 105
84 129
113 64
111 101
13 52
33 19
65 29
129 68
64 73
63 46
62 89
98 19
72 50
54 5
111 144
95 22
45 32
89 70
33 43
46 37
106 85
109 8
23 39
78 58
47 82
105 86
73 84
69 82
95 72
103 57
64 12
81 107
1 41
81 3
17 8
56 88
31 79
89 10
66 108
33 73
44 82
1 44
103 2
57 77
58 70
72 19
38 70
76 32
27 18
24 59
78 42
83 8
81 71
63 5
36 92
55 105
51 31
110 99
91 43
37 15
38 50
93 101
15 110
98 18
66 84
73 79
108 83
16 50
12 58
102 74
67 40
5 63
53 11
59 29
100 24
109 17
82 37
103 100
37 12
82 79
69 81
101 91
20 60
52 109
62 87
9 107
13 69
77 25
55 101
92 65
35 111
55 70
50 34
42 83
52 62
41 72
44 47
105 109
34 46
91 75
81 11
82 17
75 69
62 105
87 3
76 109
75 53
24 70
91 76
49 75
53 100
92 35
62 28
105 67
92 95
73 44
56 84
10 14
50 10
51 82
88 75
105 97
89 87
40 31
102 18
8 56
78 37
40 56
2 42
6 21
14 46
25 23
74 111
57 8
111 80
86 25
20 98
87 17
62 111
111 94
3 32
48 43
26 82
96 1
11 101
50 59
79 8
7 68
87 68
60 80
47 21
62 59
96 3
67 22
110 22
44 15
71 46
20 66
51 18
123 160
56 103
115 78
55 48
53 37
36 13
26 82
103 110
108 14
96 65
16 58
117 122
13 122
84 107
77 10
13 64
103 78
94 21
84 13
83 9
30 57
85 56
22 5
92 13
5 74
113 42
95 102
75 93
23 72
101 42
81 24
105 120
30 72
29 24
86 71
24 2
63 74
115 15
66 85
62 19
72 70
119 118
68 97
120 93
44 56
48 117
77 70
100 3
57 60
54 108
82 115
71 50
104 75
32 44
55 13
93 85
18 11
8 82
81 63
76 84
37 23
8 30
3 51
87 108
65 102
93 112
115 56
25 66
3 2
73 118
102 8
32 75
79 12
94 27
106 82
69 85
34 98
104 14
74 80
48 79
29 64
95 111
84 96
120 42
79 104
94 67
110 94
21 14
15 30
24 89
37 65
65 115
76 79
34 62
108 31
87 96
34 92
23 12
63 55
30 107
31 101
34 47
71 103
9 67
10 22
45 44
48 63
92 26
46 51
99 72
28 123
92 77
118 67
112 38
91 100
44 90
30 10
88 102
94 51
102 58
116 109
117 82
31 9
45 30
78 67
20 61
68 99
98 117
63 59
41 28
37 92
104 6
55 91
25 44
66 28
54 74
19 21
45 81
9 3
102 24
17 18
112 118
20 18
64 36
74 62
105 98
41 84
89 16
106 26
24 34
118 82
109 2
112 35
13 60
117 76
107 93
120 123
12 70
66 94
78 72
82 91
191 248
67 164
115 135
133 121
135 116
190 42
33 181
112 149
146 72
115 139
49 95
117 23
178 9
103 70
4 106
87 187
31 101
163 59
89 136
2 186
68 82
124 145
130 114
3 124
169 94
3 162
11 70
108 110
1 133
120 30
123 73
84 73
157 170
116 178
75 70
29 133
163 79
118 168
35 117
100 173
51 9
54 1
24 12
121 127
22 142
55 54
152 143
6 155
64 122
15 86
6 40
145 148
113 50
51 68
64 73
55 90
145 146
180 153
60 7
182 128
28 127
25 112
18 106
16 110
158 22
33 27
21 136
138 72
87 33
10 81
164 56
59 77
64 110
181 25
156 128
127 82
119 38
189 109
143 144
56 68
119 172
3 31
182 68
16 183
137 149
105 114
47 105
167 119
95 126
151 148
190 33
38 45
36 3
68 108
182 139
38 101
98 48
51 118
159 173
85 132
137 121
131 133
109 176
190 8
66 86
170 177
126 142
56 147
107 172
122 148
89 174
71 110
156 32
160 120
7 100
14 157
8 65
113 184
73 69
181 154
55 127
96 100
76 16
133 66
71 24
132 102
5 4
3 62
77 147
168 45
65 144
54 136
64 119
34 119
172 19
123 160
159 110
16 165
26 174
108 12
180 6
171 33
190 139
63 186
123 165
77 61
14 42
115 119
146 57
176 187
188 158
8 158
52 17
187 54
190 73
114 20
11 117
108 72
140 176
41 46
16 163
165 72
119 63
73 42
30 85
124 43
23 127
54 16
38 113
48 120
179 45
18 84
186 166
140 52
83 28
149 84
77 132
133 140
23 70
105 85
72 185
25 152
134 4
125 156
153 114
22 49
71 109
165 186
84 64
30 50
125 69
59 78
66 55
103 29
60 150
102 176
20 127
180 36
5 170
157 110
179 123
107 178
110 132
1 129
116 53
88 119
137 132
120 168
32 115
82 21
183 4
180 163
100 12
24 4
45 89
175 155
37 185
55 128
191 106
112 111
54 50
174 10
62 142
25 151
24 111
155 173
44 46
30 124
124 41
10 181
105 72
83 49
161 141
114 12
12 186
53 25
181 39
111 37
42 150
76 70
185 85
50 5
88 18
45 47
80 133
73 45
33 88
22 77
190 155
102 133
8 70
46 89
73 83
25 87
25 10
53 54
40 99
99 35
34 9
19 64
7 46
44 75
83 88
46 16
47 101
46 47
89 18
58 7
70 57
44 62
5 99
4 90
91 92
39 27
18 50
29 30
102 84
98 67
71 5
87 82
4 61
47 85
50 70
51 34
44 47
33 102
33 34
48 82
54 5
65 15
58 12
7 5
5 25
100 3
75 31
70 13
78 63
56 37
10 12
73 1
23 87
40 30
17 21
5 29
30 70
49 31
61 50
45 67
26 72
18 39
77 101
35 74
68 3
102 75
92 94
97 13
20 13
31 63
50 37
45 84
60 47
99 83
78 31
87 33
1 35
65 9
44 73
23 71
5 83
43 102
20 53
37 9
6 10
101 15
22 13
93 94
79 63
99 90
97 76
13 57
97 84
42 37
90 62
81 66
52 60
21 69
52 75
55 70
86 93
46 69
88 89
74 64
16 59
41 59
15 4
66 32
56 95
28 21
71 18
12 66
30 4
59 24
49 94
101 52
9 8
46 76
41 30
14 60
39 94
85 39
101 80
87 1
65 21
85 55
17 71
23 51
36 11
97 36
13 100
86 29
22 92
48 20
46 59
122 159
91 87
79 114
105 97
37 66
76 11
96 59
81 43
6 103
81 3
82 105
71 93
104 87
46 122
50 76
90 52
66 89
99 57
120 39
63 65
103 94
113 59
65 122
41 91
61 58
48 122
113 76
32 89
59 32
66 38
45 2
86 36
104 97
57 28
60 107
69 72
86 79
22 45
64 67
59 100
49 57
75 71
83 2
34 14
6 39
42 98
50 121
77 28
4 103
91 111
43 61
20 76
41 89
21 77
109 65
28 69
40 52
78 21
25 100
63 83
56 119
77 12
13 29
105 19
66 13
28 42
15 105
2 47
72 7
79 15
67 40
42 113
52 68
26 95
6 65
47 106
5 45
116 38
9 17
79 100
38 6
92 60
94 77
13 5
63 40
91 52
108 80
111 93
52 11
58 36
80 115
24 89
4 94
105 51
1 32
105 33
16 71
108 19
17 67
76 90
108 97
43 45
81 105
64 110
3 24
85 13
51 109
91 6
24 106
99 18
14 51
23 88
86 97
113 61
53 88
1 115
55 58
57 66
67 36
71 16
112 22
33 2
58 34
17 74
13 40
31 98
87 2
109 11
11 35
43 37
15 82
108 46
87 6
121 96
74 84
87 37
41 99
93 68
48 59
36 84
83 39
5 16
102 68
103 13
115 65
114 2
45 32
3 105
33 37
6 61
2 30
26 116
80 72
13 93
78 48
94 27
116 5
34 44
75 14
75 20
129 168
19 42
13 104
126 29
12 66
32 100
100 68
115 91
121 27
8 77
103 127
90 83
109 77
47 81
64 47
118 88
22 8
37 118
94 43
112 127
62 66
57 53
39 53
32 31
77 127
116 41
78 39
54 51
61 35
90 37
98 56
43 80
90 108
119 48
119 73
68 89
55 36
113 65
8 14
63 92
111 40
73 90
41 53
117 128
11 26
43 45
59 35
11 75
99 69
105 78
50 57
110 34
98 6
128 63
13 81
84 110
76 30
93 89
123 13
85 124
18 38
70 88
96 46
81 107
122 99
100 80
26 32
111 13
93 111
53 68
45 77
17 26
52 89
126 39
3 59
89 123
112 42
59 63
55 52
25 91
110 69
127 80
50 101
66 65
92 62
64 129
33 118
112 44
87 35
5 13
27 73
14 111
75 37
115 111
107 21
73 4
51 99
93 11
87 8
67 95
30 32
89 49
69 2
24 89
108 102
39 41
128 101
23 63
21 80
14 37
75 30
40 5
9 7
91 117
14 33
22 42
118 116
30 82
103 102
92 117
54 16
90 46
70 9
63 45
88 106
122 79
83 12
43 4
38 65
35 123
129 110
120 87
97 78
87 97
7 73
73 12
96 77
81 4
70 39
91 56
99 50
128 11
2 48
106 126
38 56
94 44
47 28
90 89
92 96
35 38
32 43
123 35
86 81
82 15
29 92
46 51
61 115
85 118
40 95
61 53
100 85
28 6
120 26
59 19
53 3
118 100
11 51
28 4
45 83
196 255
130 171
60 138
149 169
131 126
158 8
26 142
25 6
43 125
145 147
146 34
85 153
73 177
138 192
86 81
124 111
32 127
189 131
137 25
137 3
152 179
172 114
39 148
62 44
44 78
95 66
73 45
190 107
117 3
106 137
167 38
83 60
43 171
78 149
72 160
50 102
93 146
62 69
134 125
150 29
192 52
153 112
5 107
142 15
30 13
46 122
64 137
39 179
87 81
21 193
113 132
27 178
143 12
140 152
140 144
51 105
121 46
177 20
17 114
173 165
134 171
146 140
29 25
70 64
16 88
193 187
196 21
110 102
59 11
37 124
32 172
19 122
11 119
193 139
14 169
35 74
131 128
65 24
58 184
106 58
119 11
77 62
52 37
9 46
114 139
180 13
175 66
43 86
119 192
106 60
53 196
46 134
164 99
64 41
102 79
60 62
29 121
86 126
72 63
97 77
53 56
194 99
27 142
44 98
81 65
145 128
26 103
185 36
93 116
123 152
171 39
56 30
91 140
155 179
177 137
29 178
134 99
21 159
99 103
15 34
21 15
179 80
75 174
137 189
128 55
86 194
92 117
158 171
191 192
92 4
125 101
104 114
38 62
192 62
195 30
195 45
138 143
113 118
26 148
127 4
141 52
86 62
44 126
39 18
137 110
161 194
46 36
25 68
123 142
121 59
33 13
73 184
131 33
152 14
138 122
10 8
55 134
193 132
30 53
82 191
57 12
50 23
61 35
5 101
89 30
93 166
147 85
23 76
4 10
36 33
147 64
187 100
15 169
130 66
20 37
136 100
36 166
113 72
13 96
65 7
110 186
156 119
152 185
135 55
138 51
21 121
123 35
72 114
85 160
143 4
167 102
184 16
174 56
188 182
115 122
78 10
82 73
103 135
40 127
106 4
137 8
171 186
71 189
174 185
76 88
126 82
184 95
90 136
68 162
62 64
77 85
152 64
102 46
12 130
82 14
127 12
156 179
107 146
112 186
172 33
182 183
181 58
137 48
84 125
112 100
101 40
193 143
195 91
172 49
14 162
51 132
52 135
39 96
74 77
167 183
47 79
138 77
21 82
71 144
160 2
11 14
154 4
143 144
104 107
21 174
134 18
25 114
84 154
169 58
9 47
2 124
10 150
86 110
47 78
90 93
120 75
179 233
96 17
90 162
22 61
165 170
118 4
134 22
157 164
153 65
126 66
137 103
138 65
103 111
68 128
146 169
21 127
114 25
1 12
20 139
102 153
173 48
21 4
31 12
38 59
118 65
116 128
43 116
100 161
158 170
14 7
158 177
104 19
65 81
83 175
148 152
145 67
101 27
84 73
161 113
22 162
102 157
147 86
91 103
43 128
110 82
87 132
79 99
29 143
1 155
112 156
58 128
155 47
48 128
80 177
126 73
2 44
38 18
77 32
172 120
40 115
64 105
68 102
66 22
4 19
8 47
52 49
137 20
127 60
16 53
74 50
106 30
116 108
9 58
119 157
42 176
68 80
107 55
84 166
118 166
26 103
92 116
2 141
113 105
86 162
91 59
31 75
116 49
155 60
22 91
76 78
62 99
161 3
20 87
54 73
73 170
15 16
11 168
59 80
63 142
179 42
53 116
6 87
5 118
111 72
111 105
140 1
18 66
118 104
77 152
38 92
142 177
144 107
12 1
39 7
7 14
130 121
129 27
150 125
60 11
13 74
106 131
123 38
121 154
109 167
44 169
77 153
99 179
40 116
36 152
15 92
161 18
107 176
12 41
73 132
175 22
80 67
172 15
58 33
155 5
49 100
157 139
28 59
61 87
62 98
18 127
8 36
157 5
80 126
27 132
115 91
128 88
120 158
117 147
71 82
139 117
164 145
43 82
70 25
6 14
109 58
140 111
56 164
13 99
87 95
168 175
71 159
159 6
12 131
108 113
177 150
165 90
142 33
38 37
145 151
83 110
32 127
131 143
141 64
132 173
178 145
30 17
42 60
32 116
2 160
75 49
72 10
106 27
172 117
5 3
76 46
4 42
178 100
173 25
32 98
147 145
157 153
166 60
79 105
153 140
23 123
160 44
142 165
101 163
63 65
30 114
7 162
169 2
19 169
54 151
18 145
63 31
61 42
82 144
84 58
122 89
132 34
104 150
112 61
103 138
152 57
122 150
126 159
20 149
95 161
127 106
130 163
95 165
36 38
68 25
41 29
113 170
168 43
23 38
29 36
163 212
6 158
153 100
90 21
118 121
34 162
61 98
40 71
133 43
46 136
8 58
47 72
160 143
15 131
5 151
66 64
35 60
93 8
34 58
85 70
20 48
16 87
5 157
152 78
89 146
61 163
127 74
128 60
86 163
10 135
13 2
108 21
71 19
93 161
30 158
31 81
134 122
39 63
139 9
115 108
83 125
32 121
124 94
14 52
84 107
155 90
160 134
5 93
130 77
152 85
119 123
73 133
145 36
103 114
104 99
52 145
133 46
83 66
148 131
111 144
137 123
6 8
79 68
137 34
144 26
109 135
128 136
86 85
4 155
86 63
47 113
113 89
60 86
52 5
2 75
134 111
153 128
157 77
124 161
101 8
148 11
78 123
69 15
158 48
45 108
80 138
71 107
18 34
126 111
103 10
59 66
108 74
43 7
57 159
105 13
11 5
52 32
133 145
138 117
26 114
148 2
23 43
63 80
121 54
11 154
28 159
52 41
69 78
28 99
1 6
80 106
158 18
12 50
51 144
17 94
98 88
24 153
45 109
2 108
93 98
84 103
56 110
36 78
85 72
26 111
155 78
41 23
116 114
29 17
135 115
90 60
60 132
77 131
156 7
26 65
137 157
102 118
127 8
65 106
23 160
52 10
139 68
26 160
85 115
87 75
18 5
19 143
15 118
118 2
39 14
10 146
133 112
87 131
85 69
106 43
55 60
15 5
153 43
157 20
5 91
76 131
129 3
97 90
8 88
44 80
123 162
26 122
23 5
73 51
12 137
61 132
4 69
86 94
161 112
81 25
25 91
90 17
106 38
32 66
83 97
23 34
73 147
27 13
68 138
9 73
87 43
2 27
136 146
65 127
139 94
61 131
155 34
107 16
85 62
8 11
158 34
15 19
82 150
51 21
49 66
30 150
65 60
154 39
21 156
139 19
123 148
107 98
12 62
79 131
81 80
32 158
53 149
157 24
105 136
36 100
13 29
14 4
86 65
24 20
81 56
19 101
105 103
78 29
6 105
15 102
97 85
52 60
33 55
98 87
15 91
81 79
2 28
77 103
54 77
104 1
6 99
66 19
45 75
61 64
65 32
11 52
10 22
97 3
68 83
36 28
2 83
31 85
30 53
27 10
7 12
88 43
10 4
63 66
84 53
20 53
4 56
51 87
101 96
43 24
55 22
88 69
87 80
36 98
72 25
34 50
91 18
73 26
41 19
55 76
25 33
47 74
84 17
104 37
21 12
80 38
27 90
49 80
12 56
13 40
57 104
59 9
12 52
29 56
10 28
55 78
83 33
9 48
75 16
48 4
53 17
79 81
16 12
74 91
2 8
61 44
82 92
61 85
56 97
49 47
100 28
74 88
12 13
86 85
29 92
10 6
35 85
17 16
46 58
27 13
8 98
73 81
72 98
63 35
50 38
16 46
81 63
75 42
105 98
15 88
30 37
67 48
41 60
71 12
88 13
34 43
77 96
99 44
105 24
102 71
59 38
66 83
98 76
57 60
22 81
95 2
54 63
56 63
24 58
29 20
33 11
10 54
74 13
6 44
7 18
104 40
101 73
23 43
96 22
25 38
3 96
167 217
106 103
3 123
146 62
44 119
3 13
141 98
129 78
135 60
126 74
68 107
60 149
74 164
139 39
117 160
160 22
125 2
10 28
39 135
140 90
154 96
67 7
3 30
107 139
6 60
88 16
57 121
87 19
38 12
100 141
118 167
120 113
63 114
58 13
115 158
15 153
61 29
131 156
72 132
19 163
88 84
101 100
103 106
154 47
128 10
118 157
41 40
109 83
67 114
52 151
38 118
102 24
81 119
24 35
120 90
12 70
149 98
77 12
99 83
98 107
83 7
78 47
64 107
101 128
54 142
140 20
159 4
87 127
79 98
144 42
134 160
86 75
75 126
157 39
62 89
61 159
15 157
144 151
52 54
76 125
15 155
75 44
62 123
133 13
63 27
54 23
67 24
153 35
54 93
8 66
43 73
147 166
159 152
148 110
152 135
84 9
131 82
129 136
56 51
161 92
154 143
16 32
38 114
72 156
124 116
96 127
98 115
91 59
50 76
35 73
145 156
161 61
152 84
28 65
94 16
127 95
143 50
78 39
116 164
72 87
106 17
158 48
62 115
133 128
161 164
88 93
34 83
41 115
112 148
154 66
140 89
157 160
103 100
160 128
25 97
14 147
100 66
82 22
124 80
9 72
146 71
43 36
125 85
101 93
163 124
49 138
115 70
47 117
22 2
14 138
73 34
126 156
140 8
16 98
142 166
69 159
120 98
85 83
128 66
152 107
26 101
83 95
88 108
155 10
147 115
88 113
80 63
161 16
61 101
81 154
135 145
121 143
63 64
67 151
2 17
24 60
79 101
126 1
61 41
105 137
54 163
121 150
91 143
149 23
32 34
20 15
51 35
93 78
128 123
140 46
120 28
109 77
41 152
114 36
46 13
82 149
12 67
133 36
100 150
139 54
138 81
60 68
109 108
6 62
165 96
134 112
85 35
137 150
160 7
16 76
92 119
93 163
27 128
119 156
62 41
18 104
18 4
21 50
113 147
4 29
2 46
94 39
87 75
66 94
57 37
56 107
75 69
100 4
12 94
71 3
9 52
31 36
9 105
53 2
110 3
84 49
25 16
113 68
46 23
113 20
52 16
88 1
103 34
4 56
94 28
98 77
73 108
49 28
98 79
26 95
102 111
32 49
57 58
61 66
97 81
109 89
19 67
82 32
6 70
36 88
76 9
32 61
68 9
91 24
5 73
91 90
73 101
9 43
110 25
44 28
92 77
98 25
2 21
31 84
78 112
64 92
44 36
87 89
53 60
90 98
35 10
36 18
16 67
69 5
99 8
59 99
96 2
97 100
18 19
59 108
67 111
36 1
91 15
79 4
100 26
80 21
88 5
41 61
26 67
71 48
111 26
103 106
86 78
6 105
96 108
43 47
58 3
48 85
102 59
5 52
109 97
41 81
67 34
65 12
112 58
21 5
78 35
35 19
35 105
65 85
59 74
21 33
81 61
41 43
85 64
2 83
44 105
29 56
63 29
13 34
98 56
52 54
54 100
43 12
21 111
59 92
63 98
96 110
111 17
27 67
87 53
77 5
83 67
106 8
91 89
112 104
93 22
85 62
102 98
111 106
94 36
28 77
78 21
6 89
54 96
13 75
86 81
33 10
74 24
64 33
59 67
7 28
14 9
108 73
38 36
5 62
108 140
37 88
12 54
49 79
58 29
108 96
24 54
95 99
98 71
50 36
27 41
59 66
56 77
105 16
61 80
67 78
36 100
41 6
60 55
23 51
6 11
41 11
2 85
64 65
66 108
36 16
86 29
21 47
16 28
36 103
11 108
107 101
43 52
101 11
18 87
8 41
59 62
103 16
3 43
86 87
50 47
83 38
106 71
83 86
54 9
82 59
34 104
19 108
93 68
22 11
71 89
104 26
52 7
83 88
95 23
93 13
58 24
65 34
92 27
43 36
97 93
36 27
30 93
19 40
31 64
12 101
22 2
67 86
9 75
43 34
34 48
18 104
87 9
22 26
97 74
83 50
34 62
83 22
27 29
60 19
11 64
52 54
18 24
12 60
102 7
98 11
25 58
84 105
14 90
105 4
105 36
41 92
16 26
13 31
16 82
12 78
24 31
95 1
63 104
78 12
95 68
88 16
29 51
30 40
62 29
98 29
36 14
38 101
10 47
23 90
82 70
34 18
39 91
42 7
30 7
38 85
19 80
7 90
29 44
105 51
63 4
86 31
53 100
38 46
52 45
32 75
75 17
59 80
93 76
64 60
99 101
1 3
46 29
68 72
5 69
99 106
100 30
4 71
47 15
71 27
44 75
129 168
87 50
15 12
63 108
19 35
19 112
94 84
112 82
12 114
23 34
110 92
17 124
47 41
107 56
66 45
55 51
31 108
91 34
125 32
49 35
3 121
26 113
94 18
42 105
28 100
49 37
19 32
23 2
17 15
54 85
89 39
127 57
109 25
26 104
59 129
6 53
52 41
122 116
52 77
22 111
78 37
42 97
67 42
107 78
23 107
90 126
96 13
45 24
102 86
126 37
85 28
25 83
66 29
62 53
20 125
111 13
109 30
42 106
38 118
76 28
87 58
10 49
89 76
27 64
129 120
127 40
117 31
124 39
119 64
118 121
104 39
86 16
50 94
101 32
67 93
40 41
72 55
128 103
64 1
116 44
88 95
73 64
105 68
47 24
123 105
75 35
12 115
72 17
24 56
39 80
82 78
17 51
37 91
118 67
101 110
122 71
124 34
96 71
105 100
111 23
125 117
109 95
20 7
86 127
105 65
82 96
37 84
101 3
106 25
128 54
34 107
38 41
47 86
97 107
96 84
59 123
22 89
40 83
42 58
101 49
116 110
56 74
45 100
3 62
34 114
97 25
6 15
91 41
84 53
99 27
7 101
124 128
60 71
58 11
124 23
87 75
54 42
102 73
58 84
8 54
40 101
110 128
90 44
21 58
55 3
54 43
33 82
11 46
116 64
5 50
103 44
4 49
25 63
6 88
71 128
52 12
98 25
90 15
93 92
39 17
113 81
82 88
127 26
128 39
14 37
72 114
122 1
129 124
45 113
185 240
119 165
98 51
73 111
161 129
85 102
114 141
114 74
28 37
63 71
126 118
152 179
172 174
17 107
117 178
141 138
61 147
147 146
84 96
10 48
153 175
79 82
156 158
112 27
65 146
135 134
50 174
173 152
34 90
29 3
129 173
169 56
160 77
95 41
46 5
39 9
58 172
28 151
179 26
99 101
126 90
73 90
73 53
133 97
66 57
61 63
101 129
134 175
165 115
79 138
173 30
24 111
22 95
135 91
174 122
56 175
35 43
101 70
34 95
106 27
83 10
18 30
22 101
146 4
117 160
137 140
15 118
103 68
45 67
112 100
78 133
58 74
65 35
2 7
148 159
62 53
130 54
7 35
150 175
173 56
80 7
58 28
6 141
148 142
174 6
174 125
111 175
160 136
120 174
114 124
1 147
83 103
104 42
142 92
84 145
30 28
137 154
45 107
170 184
146 140
130 77
164 31
12 161
59 93
79 107
181 13
155 78
90 131
77 96
151 161
74 76
10 148
158 117
56 127
25 184
54 102
73 181
97 69
163 67
97 121
87 8
170 91
22 77
5 63
180 113
129 33
110 164
148 43
131 7
37 102
106 156
45 174
113 83
72 98
37 59
11 13
68 19
154 35
85 100
154 12
104 102
143 164
114 38
163 93
159 151
145 26
30 181
3 172
78 132
86 147
35 161
33 174
179 138
168 115
78 38
87 70
3 40
80 94
155 29
167 147
44 166
46 149
123 151
150 69
53 150
117 113
113 15
131 138
59 156
32 147
26 133
29 86
22 177
24 151
65 118
133 129
170 11
146 85
170 141
66 143
111 5
54 67
176 178
27 31
176 173
20 165
54 175
32 90
89 119
65 184
45 9
43 112
48 57
145 34
73 72
127 157
177 144
169 110
173 124
107 121
148 162
76 116
183 16
42 24
128 115
6 7
88 142
97 28
165 168
53 149
163 81
136 22
80 2
114 16
130 111
57 69
13 129
14 60
45 73
83 32
18 90
149 81
174 18
92 135
27 113
142 128
16 12
21 43
91 7
117 181
173 59
10 77
94 9
47 80
36 58
96 69
47 132
55 94
51 158
84 76
169 126
124 161
40 22
124 112
60 46
109 22
75 64
69 41
28 19
70 43
93 80
87 58
94 81
76 119
94 52
64 49
81 86
34 52
17 25
16 115
35 7
53 122
57 70
60 47
61 95
19 1
52 120
39 107
108 77
47 28
92 94
70 41
47 14
25 87
91 64
44 115
21 14
55 49
48 29
52 6
34 54
48 20
63 88
50 101
23 29
49 21
18 68
71 13
121 97
36 40
5 108
30 94
86 31
104 68
42 21
26 48
94 66
63 105
73 82
104 71
97 113
124 9
82 38
19 45
54 87
118 124
124 76
61 59
72 121
120 7
72 32
48 23
21 22
63 113
22 31
58 76
7 14
67 25
36 26
121 5
60 4
23 83
48 21
73 12
115 17
114 47
10 86
98 44
42 114
53 56
15 49
118 43
50 100
90 5
4 53
98 55
9 14
22 59
119 88
85 6
97 85
97 6
123 108
54 11
89 66
69 122
38 63
89 104
116 53
81 91
67 33
75 77
37 97
71 88
44 48
64 63
59 75
110 66
121 122
37 114
57 119
7 89
104 44
116 105
106 63
87 110
6 27
57 14
67 36
54 44
59 102
70 13
9 66
50 70
24 118
33 24
116 10
87 63
79 71
24 69
117 38
54 94
45 16
43 31
6 119
32 11
34 123
96 19
97 100
46 83
14 63
84 15
87 117
121 6
123 36
81 124
108 65
77 74
33 50
1 12
28 24
92 102
8 93
175 228
156 31
53 22
152 34
137 24
167 71
166 56
174 5
86 93
3 161
112 138
65 74
157 135
66 37
22 25
118 78
12 75
131 159
91 4
93 154
1 34
175 29
6 77
156 3
22 96
79 164
68 155
17 13
172 35
36 47
106 23
96 171
107 62
7 36
1 136
163 14
112 44
131 87
78 42
56 124
39 87
11 116
145 53
33 156
86 50
65 49
61 130
167 106
16 73
127 42
125 110
57 155
107 115
31 163
153 87
170 103
119 14
174 49
142 91
110 140
84 85
53 97
44 135
12 2
130 108
83 74
106 78
10 21
7 154
136 23
115 121
140 125
69 113
162 71
139 131
61 56
101 97
77 75
110 26
46 106
158 45
45 104
61 67
15 41
42 7
114 43
72 120
9 3
39 31
4 22
161 133
40 159
81 110
149 110
20 123
68 19
2 149
39 88
121 163
163 145
164 57
118 102
134 92
129 150
1 96
58 21
60 145
19 143
143 29
80 76
72 149
120 88
115 14
74 169
68 49
82 30
41 5
34 79
70 90
145 2
34 123
163 7
87 140
32 2
48 139
175 19
143 82
115 126
11 50
62 68
159 26
29 83
108 13
34 68
81 99
95 22
3 96
91 140
157 24
102 161
29 37
111 105
133 7
3 45
109 36
103 144
100 99
142 2
27 112
29 31
6 38
120 165
23 44
93 73
162 108
37 40
141 174
40 58
140 14
93 113
158 104
64 96
163 109
151 85
130 89
133 49
84 101
6 23
148 104
57 36
98 20
12 141
83 98
77 127
112 146
16 46
159 115
117 149
2 145
121 145
3 76
114 110
91 87
73 143
10 159
91 104
118 122
112 126
68 115
12 115
50 46
49 112
156 125
164 111
95 21
169 83
130 125
117 56
106 67
142 120
171 173
1 69
13 134
144 95
84 153
167 78
105 51
23 152
31 38
85 61
7 134
140 41
98 40
155 76
63 58
129 117
20 30
29 117
108 11
34 138
164 31
35 5
73 72
3 85
73 103
112 92
30 15
92 175
163 51
192 250
21 18
62 43
156 13
62 132
109 118
71 147
38 68
120 101
28 185
45 79
30 179
124 87
12 107
73 90
192 162
19 88
158 10
84 93
119 137
110 130
153 121
151 118
93 68
110 32
169 87
86 20
63 130
147 96
74 39
94 12
64 75
134 36
8 110
164 125
67 139
81 119
103 98
59 33
150 184
50 34
121 123
128 19
40 16
159 67
71 45
1 60
11 149
77 59
187 106
146 44
160 134
127 188
190 77
121 131
115 167
120 84
114 7
176 17
22 122
162 173
3 102
187 30
126 88
17 101
113 152
159 34
31 37
118 10
80 185
9 170
37 66
150 118
150 42
33 84
175 154
190 67
186 113
81 190
149 67
148 180
181 11
105 192
52 102
30 191
111 64
175 108
10 100
83 31
147 18
41 118
178 2
179 146
181 188
172 153
143 76
178 19
49 60
124 6
159 10
73 116
117 110
33 1
183 88
59 122
98 191
55 159
78 106
14 94
154 82
40 37
102 59
179 59
101 16
32 137
76 48
112 28
15 80
140 171
149 117
56 37
1 86
15 132
93 26
107 41
144 8
7 157
79 10
102 85
43 65
99 100
82 159
64 148
51 43
65 159
167 134
52 97
144 83
76 123
73 107
69 108
67 173
46 36
179 53
109 190
59 142
130 29
102 74
139 103
160 169
126 62
78 28
61 27
107 73
90 59
168 157
57 97
2 150
91 98
92 93
164 93
139 164
62 33
27 143
130 128
145 124
92 165
143 105
151 87
124 29
42 145
150 155
77 86
78 165
177 106
91 172
125 169
38 147
56 38
106 3
134 102
52 190
164 46
162 80
83 188
20 90
78 56
25 53
34 38
156 180
55 57
113 97
69 105
173 75
111 31
181 148
168 71
112 118
55 109
122 19
42 134
71 119
103 83
113 1
1 6
122 20
142 111
79 118
161 7
94 92
19 106
145 52
192 28
2 4
122 140
46 28
100 156
38 76
61 4
40 28
63 77
150 17
156 107
112 192
36 78
120 119
79 126
160 79
189 32
30 65
148 22
14 82
31 49
61 53
182 22
130 43
175 32
186 155
106 45
91 152
161 174
37 79
84 21
170 180
119 59
101 94
152 181
46 185
123 112
41 112
83 91
148 192
108 135
11 89
19 70
48 145
38 114
82 18
77 82
111 3
47 120
34 26
49 47
133 4
91 3
101 36
85 49
131 142
14 32
62 106
96 138
104 25
91 114
106 41
79 8
16 129
59 86
80 20
71 21
53 125
44 25
118 57
6 112
58 19
145 128
90 135
93 42
6 98
32 106
111 52
83 7
1 105
106 76
22 55
61 140
63 97
77 140
101 87
20 142
69 140
16 5
136 90
16 6
127 14
48 81
112 138
119 148
35 7
27 134
116 86
130 119
92 109
92 115
123 90
145 72
81 139
114 30
47 112
111 9
139 97
73 83
122 97
143 142
102 28
61 10
112 101
132 43
3 124
16 90
47 102
126 39
50 22
72 81
97 50
104 54
135 79
94 132
35 111
117 30
54 106
130 144
87 57
73 22
114 18
119 37
6 102
99 59
148 76
96 148
59 30
53 123
41 140
75 62
2 43
51 87
39 77
65 50
41 35
32 55
88 146
2 118
109 90
15 89
56 131
12 28
117 37
68 73
4 107
8 93
102 58
62 59
24 96
18 83
7 10
119 135
124 67
135 140
121 62
110 90
109 97
101 62
3 136
141 2
63 70
135 124
104 40
46 34
15 68
4 34
122 12
122 49
108 3
49 96
144 72
39 65
20 100
54 83
41 1
33 117
31 23
82 86
40 93
24 105
64 66
124 84
42 54
17 23
123 42
100 32
15 88
122 26
115 125
50 78
142 5
30 83
130 37
1 69
15 4
98 107
47 9
12 106
75 78
142 53
105 146
10 117
137 68
147 93
121 76
103 86
96 74
141 28
147 92
85 148
95 93
112 6
142 79
36 56
121 128
19 144
40 14
141 108
145 64
108 141
94 77
151 196
150 92
84 135
65 119
49 61
140 82
94 109
137 62
45 17
64 97
57 78
137 27
105 52
145 144
88 122
27 66
62 66
60 41
135 129
101 30
129 99
125 95
98 112
110 85
90 136
7 22
25 122
63 132
57 114
52 2
2 18
135 18
69 108
69 127
41 53
55 73
30 79
103 7
125 61
1 101
148 60
19 35
141 28
16 20
97 10
23 3
97 5
10 13
65 85
51 94
88 89
59 146
126 123
22 42
149 98
92 149
56 22
98 76
33 123
151 138
140 16
70 72
126 131
52 33
138 48
76 133
62 5
42 72
114 3
145 6
118 43
16 132
44 120
18 100
118 3
107 43
149 70
59 27
48 105
2 19
17 110
75 59
2 22
142 8
87 66
7 76
69 17
128 131
138 35
43 134
43 34
147 142
85 146
73 130
6 44
59 75
139 117
53 43
139 57
133 38
128 112
136 83
111 141
97 111
3 15
137 127
69 96
62 8
30 114
104 133
48 20
104 102
27 19
21 94
27 37
110 68
12 28
7 18
141 35
89 40
133 18
112 125
53 86
6 140
141 1
98 53
143 139
49 115
60 91
146 32
84 42
4 67
40 10
56 68
51 102
109 147
87 28
67 53
86 37
113 77
34 43
14 113
14 136
117 27
39 81
66 67
3 36
8 82
49 126
4 73
9 2
148 110
114 49
7 9
120 88
60 61
34 151
84 35
44 91
15 87
97 71
8 12
66 62
48 38
48 63
136 101
44 108
54 75
132 127
124 126
132 1
115 148
143 60
46 113
11 110
144 62
21 104
74 78
95 135
64 135
82 113
118 89
11 79
34 80
117 82
148 14
90 68
3 83
97 42
91 57
100 89
32 137
126 108
117 46
96 79
62 51
47 5
