10
12 24
3 12
7 12
6 7
9 2
2 12
8 5
1 11
11 4
6 4
5 4
4 6
6 11
7 4
7 8
9 5
7 3
2 3
1 10
10 3
4 3
4 8
11 7
3 10
9 1
19 38
8 17
10 19
11 17
11 18
12 16
13 2
4 10
14 9
8 14
17 16
19 9
5 2
19 11
6 2
9 4
2 8
10 17
7 19
12 11
15 1
4 16
7 17
4 7
2 13
4 13
5 16
18 2
15 6
2 16
2 7
8 6
4 2
5 7
3 4
9 3
18 14
16 15
11 15
18 36
7 9
14 5
7 14
3 9
13 9
4 7
8 2
1 9
10 2
1 18
10 8
13 1
3 8
10 1
3 12
11 15
2 6
3 1
12 18
5 6
11 17
13 6
15 7
7 6
18 9
3 15
5 14
17 4
10 5
4 8
2 13
15 14
12 3
3 2
1 5
16 4
11 22
5 11
11 2
9 10
6 10
7 2
11 8
6 2
5 4
6 4
4 9
2 9
2 3
8 11
1 8
6 9
8 4
8 1
11 9
10 5
1 10
4 8
1 2
13 26
2 11
5 2
12 8
10 4
6 2
3 6
10 13
11 10
3 4
12 7
6 10
4 6
5 3
11 2
8 13
1 4
9 3
8 12
10 11
1 9
8 6
1 2
8 1
7 3
4 5
5 4
14 28
5 6
1 12
5 4
14 9
3 1
11 7
2 12
6 2
3 13
10 8
6 4
13 11
9 4
7 1
8 14
6 1
5 8
10 1
13 2
11 5
13 10
8 10
10 12
14 5
9 7
12 3
6 8
13 7
19 38
14 8
16 4
17 7
6 3
8 3
1 9
16 8
11 14
2 9
16 12
11 3
17 10
6 12
10 8
13 14
2 1
9 3
18 4
9 14
16 18
9 18
2 16
10 6
16 7
17 3
11 5
13 17
2 13
6 19
3 15
12 1
10 14
1 15
10 7
15 16
17 5
16 5
7 10
16 32
13 4
8 5
8 16
6 14
13 16
4 5
1 14
8 1
4 3
8 13
9 10
6 16
12 14
9 3
14 8
13 1
10 2
12 16
14 9
15 5
16 12
10 1
3 13
4 13
7 6
9 2
2 3
15 12
1 12
7 11
8 10
10 11
20 40
9 4
6 10
15 17
8 11
5 13
16 15
12 6
8 20
8 10
10 16
10 18
19 9
19 11
1 13
20 13
18 14
16 10
17 14
1 17
13 5
11 20
9 12
12 14
4 19
6 5
4 3
15 5
7 6
2 18
18 16
15 19
10 3
13 4
11 16
19 10
18 19
2 19
5 3
1 15
19 3
15 30
1 10
1 11
9 15
9 12
2 9
13 15
15 6
13 7
12 9
14 2
5 1
10 6
1 8
3 12
1 12
11 9
6 13
5 12
12 8
2 1
15 14
8 10
11 14
4 7
1 9
7 13
10 1
2 5
7 14
1 3
