50
107 139
82 54
97 96
65 55
2 52
62 5
53 43
72 45
82 2
72 77
98 69
1 13
33 56
34 41
36 12
56 31
107 56
95 77
30 97
80 88
70 24
74 3
62 93
67 75
36 16
15 69
73 98
4 65
38 67
2 99
18 22
62 21
83 14
40 97
91 2
104 75
72 11
34 84
101 63
41 73
6 81
18 87
34 67
43 79
56 105
68 14
79 37
88 39
90 46
32 53
86 70
11 12
6 53
102 33
41 103
65 35
75 2
19 6
106 91
33 4
49 102
78 54
5 72
63 104
45 13
18 10
43 67
99 81
62 38
41 12
30 39
46 28
93 28
30 52
49 76
64 99
16 8
90 63
8 4
20 15
91 96
72 91
2 58
12 61
103 48
94 75
101 2
23 34
98 7
103 66
4 5
76 80
58 66
34 22
88 49
32 5
82 4
5 107
70 19
33 95
10 3
3 46
66 42
85 54
64 33
12 100
55 72
59 48
21 57
32 48
74 96
35 60
51 32
81 39
85 19
87 33
27 73
2 1
103 6
79 85
81 33
10 70
53 27
56 63
6 21
59 49
32 13
94 91
68 18
31 52
5 6
45 55
41 23
28 16
28 60
41 106
26 47
4 12
81 52
65 32
159 207
103 133
21 53
119 139
141 37
20 135
149 37
10 32
123 96
117 33
85 16
145 125
58 73
96 64
11 126
115 83
8 124
22 9
143 12
7 152
106 116
118 121
84 33
95 27
62 102
129 61
148 73
125 84
118 18
113 61
18 10
52 23
90 79
19 150
79 8
143 131
156 112
53 14
94 116
123 100
2 91
118 120
53 64
158 46
142 14
60 94
50 119
156 107
17 144
49 102
4 57
4 63
137 143
119 148
112 104
133 88
46 53
112 24
153 70
42 18
121 100
51 137
116 158
138 19
33 59
78 132
155 73
4 50
19 148
22 129
72 130
4 88
61 60
73 30
42 67
44 92
62 127
139 113
67 28
57 15
25 46
140 45
109 156
48 105
111 86
111 135
117 106
44 2
16 36
110 140
85 79
101 155
115 104
68 104
22 71
120 134
134 129
101 122
148 25
65 142
143 121
107 115
115 39
94 85
106 18
133 151
15 42
136 151
45 123
105 120
20 90
148 124
51 156
122 62
125 40
19 91
75 92
150 20
141 149
8 102
27 67
118 65
91 146
7 118
80 141
27 79
51 37
28 30
35 111
38 131
122 52
30 42
88 47
5 100
53 142
99 7
40 24
133 125
46 113
84 113
13 11
142 110
105 132
72 57
33 28
52 1
72 78
35 19
76 130
70 123
85 28
156 8
22 75
21 92
93 63
4 136
92 15
1 55
126 117
46 56
59 60
9 21
101 72
57 87
9 148
42 85
69 143
99 28
105 78
143 63
69 9
47 75
116 139
107 38
31 150
81 117
64 93
95 68
20 19
155 89
99 30
131 68
107 152
53 115
51 120
50 88
155 156
77 122
130 57
117 124
29 16
19 23
123 8
77 135
52 36
159 99
7 108
60 158
2 147
115 142
5 108
144 116
4 53
86 134
138 69
57 108
34 79
16 33
128 166
112 122
48 61
87 100
123 5
5 18
33 20
125 32
118 49
57 100
114 112
98 95
55 46
128 86
124 54
127 111
46 55
127 97
46 79
102 37
114 98
108 3
30 49
95 76
63 109
114 44
43 61
125 25
52 81
41 3
60 58
94 72
27 107
109 97
34 56
46 11
41 111
26 125
14 82
100 119
23 24
3 57
36 52
102 122
40 106
17 15
28 53
10 21
112 20
110 26
72 100
59 100
15 48
124 110
104 40
27 37
13 15
72 120
65 73
92 44
112 116
93 91
22 29
44 67
96 50
125 38
11 5
43 44
45 39
39 4
117 38
88 39
9 12
71 114
20 40
42 23
29 15
54 36
90 87
61 34
68 81
47 92
95 39
113 128
91 108
39 72
57 16
87 4
110 96
96 39
46 89
114 122
55 93
16 121
63 81
35 57
52 63
25 78
102 100
122 17
78 41
87 115
120 29
44 68
13 35
47 57
70 54
12 26
75 87
45 47
1 84
25 69
115 66
6 119
128 2
69 124
24 41
78 66
116 113
126 13
6 1
76 32
40 57
19 45
87 93
17 110
103 40
16 125
53 95
110 114
35 109
98 41
106 97
104 95
89 90
26 35
67 12
111 5
65 80
45 63
11 38
122 75
73 26
128 127
25 111
20 36
125 64
23 93
83 34
68 24
38 87
75 54
56 101
66 89
90 49
123 11
95 96
67 120
64 86
110 6
74 92
107 44
91 77
60 11
108 41
34 53
70 119
149 194
15 127
78 98
132 40
100 147
38 144
112 101
72 48
91 7
39 37
98 124
84 104
117 132
142 107
61 89
75 14
31 124
82 89
130 3
81 69
116 103
85 142
27 5
98 101
62 106
40 10
108 120
31 27
7 6
136 128
53 2
105 45
136 29
55 101
92 74
15 139
45 50
6 109
31 32
74 86
54 71
36 66
137 114
149 52
70 149
11 58
98 11
19 81
40 48
18 96
12 106
34 149
34 138
27 80
42 144
1 106
127 93
98 57
52 40
146 32
43 4
77 72
121 87
106 143
30 82
120 136
25 134
35 31
137 102
24 10
34 68
118 140
90 56
75 145
83 140
27 120
103 106
120 64
120 26
32 17
137 56
104 35
53 91
5 121
100 16
60 147
52 97
123 51
21 114
19 92
78 114
69 55
114 48
129 119
75 110
132 118
74 96
68 22
74 68
79 124
84 120
105 2
131 106
36 93
136 144
21 6
99 132
56 103
125 76
102 131
27 54
105 12
62 28
131 51
79 128
92 5
133 113
58 56
71 136
45 112
112 84
124 76
141 26
85 39
22 9
31 69
53 137
114 46
23 21
76 68
45 12
9 36
28 142
44 24
9 75
103 2
43 34
105 93
82 32
123 44
31 73
59 28
82 17
88 1
55 143
85 21
19 5
70 131
125 34
147 87
140 29
72 80
4 19
130 110
1 85
62 80
117 11
77 113
82 25
20 94
13 73
110 9
59 102
17 99
92 149
144 86
15 94
142 62
148 124
128 144
72 144
38 75
109 40
39 24
22 72
65 78
102 74
12 38
104 49
42 58
96 89
110 122
101 132
53 34
103 25
77 110
89 18
53 147
114 127
32 90
97 91
42 100
56 21
68 13
80 129
103 134
89 29
84 45
37 33
91 38
92 7
8 56
97 65
99 87
58 25
20 68
26 92
13 42
49 28
74 88
46 72
17 12
76 5
35 93
1 92
26 59
49 42
90 96
2 90
29 45
56 44
32 4
51 77
17 97
96 45
94 12
64 61
38 75
49 22
76 39
89 47
85 47
32 51
38 95
94 19
8 53
96 3
16 71
97 85
70 97
65 14
56 21
68 39
72 19
9 99
12 92
4 92
27 17
6 72
8 55
39 95
79 13
14 36
45 5
2 10
18 59
10 4
67 43
94 10
47 19
88 27
52 70
25 27
28 11
22 55
83 36
8 73
101 38
51 99
11 67
27 50
17 39
60 53
61 18
43 81
13 29
82 22
37 60
22 72
99 57
49 66
86 32
38 80
30 10
14 69
90 9
63 95
4 86
26 11
20 80
6 55
30 21
69 70
86 71
44 2
2 84
63 43
16 74
34 22
92 30
88 45
60 28
43 76
91 58
26 74
102 56
31 60
79 95
61 94
33 1
16 102
46 87
45 3
20 16
93 39
72 11
41 48
76 71
10 12
76 90
90 17
102 74
9 8
6 83
40 6
12 52
55 63
57 65
20 41
33 97
107 139
7 70
15 55
33 81
44 29
106 52
38 43
59 17
62 19
68 67
106 2
91 67
34 53
35 82
8 87
100 68
9 11
29 70
22 1
38 87
6 94
52 96
67 90
47 79
106 34
105 38
8 101
24 34
8 5
13 14
13 26
16 24
30 93
5 69
26 77
80 6
25 52
8 94
99 24
66 41
91 85
82 93
94 71
29 8
80 34
45 54
35 24
105 79
80 29
64 76
103 31
79 51
56 53
95 11
80 86
12 75
23 74
88 13
72 94
30 18
35 96
8 59
47 9
93 8
103 102
38 67
58 107
12 66
70 101
82 71
33 61
105 28
40 53
67 4
35 16
79 39
39 98
45 85
26 56
25 32
53 43
101 58
13 10
38 13
52 102
9 32
65 71
55 18
66 49
77 65
16 100
51 98
64 106
54 105
51 57
76 28
43 64
105 13
2 10
67 95
8 88
5 30
10 64
17 12
73 48
52 22
73 103
82 27
10 19
105 33
8 42
10 81
71 46
14 95
72 8
23 85
33 14
64 63
106 98
56 48
78 76
106 67
98 51
15 34
3 28
27 96
28 27
28 96
54 72
21 27
101 105
19 106
82 107
18 23
97 105
58 61
39 45
80 10
25 77
5 54
200 260
41 174
174 129
8 91
91 67
33 177
21 72
170 12
31 67
190 65
28 56
2 96
33 73
93 121
11 84
186 95
88 31
169 119
14 194
192 48
72 169
144 17
124 158
168 196
157 12
144 25
43 14
54 13
34 72
10 83
7 142
34 33
29 6
157 34
90 171
93 157
103 141
171 180
98 185
104 61
109 47
184 169
77 27
72 95
172 77
157 103
136 152
58 17
121 107
151 30
59 33
139 135
10 105
158 85
193 55
148 55
3 8
108 69
139 93
37 40
9 22
92 102
124 50
115 175
49 4
9 33
93 153
152 29
101 140
11 3
101 72
154 146
86 28
38 69
135 45
92 103
3 39
140 192
21 99
3 165
50 138
119 102
70 149
143 186
161 114
166 107
56 72
162 54
17 103
39 163
46 174
65 70
4 41
19 95
161 85
152 149
159 34
167 181
95 117
95 98
157 172
134 2
151 50
145 125
152 47
142 133
122 167
96 37
14 44
160 54
184 80
75 136
94 185
53 13
85 22
61 45
120 144
156 8
49 138
118 141
194 51
88 101
149 63
171 191
126 140
29 120
47 68
30 31
178 25
6 20
119 18
83 41
57 82
36 24
196 32
25 58
91 144
51 11
40 196
111 97
79 108
87 199
191 47
130 156
169 199
129 113
46 148
112 21
54 158
100 6
134 145
135 73
4 96
118 55
34 150
100 112
88 85
117 46
134 82
86 78
137 66
87 19
60 62
91 1
11 181
14 114
40 165
30 155
195 133
197 25
76 30
30 76
55 11
12 101
120 32
113 157
195 113
178 146
59 30
83 172
49 60
146 198
51 140
13 97
40 51
36 65
197 20
13 61
192 63
89 64
169 27
118 71
156 24
180 156
164 88
89 47
47 162
169 162
135 89
19 32
164 2
108 150
89 137
49 117
149 50
17 145
177 159
120 25
129 77
55 78
17 148
142 173
124 27
26 169
19 15
65 148
38 45
55 187
166 85
200 97
69 189
149 200
42 25
189 172
71 108
22 160
51 59
19 139
148 10
104 169
49 91
79 152
65 167
25 3
28 177
132 15
16 131
73 176
146 185
133 200
146 167
91 179
138 100
174 49
186 131
28 138
104 21
49 191
60 69
41 178
160 72
144 58
128 162
161 137
46 149
100 2
142 111
102 84
1 48
114 136
39 21
131 170
54 14
28 67
11 73
4 64
73 26
89 68
41 119
41 91
108 70
21 24
112 19
42 29
98 4
44 101
120 124
92 18
83 3
26 37
64 89
118 72
76 129
80 68
18 92
32 68
13 16
85 62
88 62
120 79
67 130
104 44
23 32
3 65
103 83
111 50
84 76
11 34
66 16
28 45
57 123
21 106
50 77
47 129
101 1
68 64
110 121
103 25
13 107
40 102
70 5
87 95
79 42
74 57
25 78
101 83
116 34
57 62
48 52
49 6
30 74
122 7
109 47
91 8
62 72
95 98
17 48
49 118
121 32
67 1
62 24
109 9
106 25
127 49
58 44
31 35
67 46
28 90
46 93
79 104
93 8
70 94
53 124
45 100
5 38
80 129
123 61
27 4
92 104
130 108
96 22
24 51
71 84
2 24
31 9
120 50
86 117
107 42
72 87
52 86
7 106
44 74
77 12
96 27
60 25
38 128
51 5
87 108
46 65
72 82
124 128
96 102
53 104
3 8
26 9
83 115
82 101
59 78
126 96
17 112
36 5
49 78
102 105
83 84
25 123
2 121
91 44
106 74
127 82
13 96
1 40
107 85
73 19
59 115
15 80
113 39
61 55
59 108
80 91
34 35
108 49
53 85
63 43
49 81
64 17
106 112
3 122
4 48
42 15
113 28
18 72
56 70
3 82
33 110
11 12
101 73
124 7
11 78
118 31
102 27
103 106
128 5
91 2
117 38
50 60
16 57
55 43
15 2
40 60
100 72
20 67
18 35
148 192
28 4
96 89
85 47
33 15
88 1
17 89
132 107
53 134
103 46
47 126
29 54
102 59
61 46
68 129
47 26
110 106
132 12
137 82
6 22
80 34
78 18
50 78
41 72
68 138
7 67
148 37
72 113
90 8
10 125
45 25
65 68
113 141
62 65
114 36
108 46
26 39
73 6
100 46
26 129
58 107
34 1
140 75
137 6
9 59
24 141
133 99
147 140
41 139
99 67
95 142
13 77
37 108
71 8
147 101
95 77
122 89
17 53
89 114
145 131
119 116
79 57
89 6
105 7
50 118
127 141
106 67
136 90
42 142
144 97
31 20
83 41
96 126
72 126
41 27
27 11
35 133
105 98
105 29
8 128
146 50
80 96
148 121
6 116
86 46
66 60
37 76
141 3
17 119
70 43
107 112
62 106
143 55
42 96
99 118
99 1
33 145
55 73
15 1
141 40
99 41
15 119
106 126
98 36
142 117
60 120
129 64
62 117
39 45
105 57
57 140
5 112
43 46
40 81
1 57
63 36
146 130
73 44
74 14
141 74
3 87
148 57
52 31
116 53
134 145
101 34
134 41
97 65
40 42
5 78
20 116
78 141
7 70
124 48
104 112
66 13
75 102
141 6
72 107
24 101
129 49
148 139
37 88
29 52
13 120
92 104
65 89
123 60
56 22
99 140
44 124
81 132
11 147
11 118
78 36
18 40
31 9
138 116
5 42
15 113
5 39
126 83
148 30
62 135
118 54
140 74
137 89
14 17
109 28
7 4
130 76
20 143
132 74
98 124
73 119
66 17
100 23
29 76
44 112
2 70
45 141
68 92
24 8
76 102
77 86
68 126
55 124
115 105
37 46
31 30
74 66
89 72
40 124
198 257
4 7
125 184
16 19
138 74
96 175
121 116
117 58
185 184
185 112
89 46
11 30
104 196
100 4
83 135
27 66
120 88
113 120
56 27
53 40
81 79
165 141
115 66
162 195
55 115
64 5
30 58
55 157
52 62
75 120
112 18
120 107
178 186
27 168
30 94
42 96
115 26
15 64
149 63
3 106
144 114
179 14
168 92
187 77
56 134
78 98
90 44
161 103
75 68
183 145
91 161
153 20
80 28
6 140
3 100
114 129
5 168
120 18
9 198
23 116
157 107
167 125
109 39
139 121
161 158
74 156
132 31
130 155
109 91
59 164
54 99
13 103
17 57
88 2
7 104
110 17
53 18
110 159
57 130
103 62
92 136
117 55
84 190
5 60
148 139
35 116
126 119
99 177
123 185
64 72
98 184
105 189
4 100
80 10
61 145
19 46
124 152
182 103
82 92
128 61
168 117
93 39
75 12
150 48
26 40
134 47
102 14
145 171
147 128
30 113
163 184
114 124
69 9
1 116
98 6
153 39
22 143
26 93
182 186
193 41
112 46
10 75
175 58
189 121
192 153
3 25
69 65
98 93
33 81
120 31
37 58
174 172
158 168
112 3
152 112
105 30
58 141
123 175
114 163
82 106
161 135
119 56
109 157
31 129
169 195
57 193
164 99
26 55
150 26
2 185
144 65
64 29
16 94
95 34
118 48
143 48
84 67
119 182
149 34
82 19
106 104
136 188
26 49
120 195
126 159
163 92
48 90
145 114
85 94
33 162
28 117
154 25
120 179
145 23
102 92
5 146
86 110
117 133
16 1
164 94
32 136
110 170
179 55
124 169
119 183
18 194
30 44
27 172
144 198
57 84
161 98
56 132
161 124
16 96
95 147
93 123
98 67
127 195
135 66
19 185
198 127
147 84
196 31
79 106
34 16
53 52
31 70
15 1
121 48
96 54
75 122
164 62
48 84
137 65
82 84
63 194
6 17
65 106
85 16
170 37
184 98
105 124
11 19
4 157
65 83
38 19
118 180
196 56
149 145
70 150
128 52
69 149
99 6
136 157
9 190
5 172
22 120
73 197
176 154
45 178
172 4
92 105
32 98
10 105
10 50
46 124
21 85
70 12
19 22
174 24
172 196
3 96
12 155
195 85
118 51
104 44
181 10
109 48
183 238
14 29
175 147
6 34
17 89
149 25
35 47
81 115
115 1
71 44
183 113
102 59
133 98
148 158
126 105
39 128
1 9
47 123
124 134
125 60
53 123
139 177
15 170
52 157
41 135
168 160
171 14
87 27
13 125
147 58
117 48
85 135
149 33
145 177
181 105
138 87
94 44
160 78
172 1
94 158
123 102
54 23
10 177
46 23
73 98
20 23
157 144
90 98
2 162
99 71
129 136
2 152
47 38
134 180
73 108
141 138
91 119
149 22
160 12
32 73
172 39
76 125
90 58
133 166
58 78
72 17
99 141
134 27
79 62
50 63
75 14
67 122
80 85
29 170
84 71
68 58
117 79
166 163
158 114
76 171
113 11
4 1
149 153
161 157
148 110
109 70
118 124
155 108
85 109
67 9
106 139
134 110
11 20
98 115
131 47
149 46
86 98
175 41
20 158
50 82
41 95
32 20
179 33
55 45
54 171
170 152
172 156
143 99
142 12
67 84
29 80
178 107
19 169
42 77
176 84
106 42
121 2
166 20
164 2
57 62
62 17
163 15
121 49
180 141
131 40
88 66
43 177
105 159
119 88
129 122
42 113
132 37
141 55
99 24
174 176
160 39
90 6
73 112
114 163
97 87
173 102
54 52
130 50
118 12
71 35
15 63
163 105
129 156
125 9
57 9
7 129
74 32
137 80
170 100
115 30
161 39
35 179
123 117
80 170
38 175
50 144
38 116
83 118
124 58
180 177
24 115
3 78
17 103
149 31
156 93
119 68
90 135
180 86
161 83
81 114
14 76
140 52
124 53
162 70
181 1
179 118
171 145
107 42
151 63
19 108
137 142
86 118
43 86
13 179
151 179
62 45
45 12
175 148
136 5
101 103
20 103
32 24
61 58
160 22
79 38
23 103
120 28
106 124
34 20
73 45
89 176
35 139
92 129
58 141
132 110
67 76
56 124
27 175
165 1
59 181
77 117
179 125
114 82
175 3
83 179
44 98
128 168
89 65
181 78
73 146
43 48
30 107
25 10
180 85
57 30
4 54
89 17
32 174
83 122
146 69
118 120
50 96
83 48
125 165
185 240
65 165
16 182
10 85
76 182
103 168
45 132
48 175
28 95
27 157
52 106
36 62
175 182
119 123
8 146
121 19
168 4
33 160
115 151
82 62
37 109
112 184
95 11
96 75
131 92
154 143
76 37
130 63
18 160
29 120
55 89
84 118
74 14
143 23
122 110
166 106
178 160
26 48
77 18
145 32
107 25
171 119
60 146
118 167
104 39
35 75
154 183
185 71
100 4
93 38
169 64
135 64
110 141
27 14
107 39
160 46
77 111
8 103
118 28
146 104
51 80
48 9
148 50
88 47
41 136
175 30
150 121
127 177
29 122
137 56
183 182
172 102
105 161
132 64
92 149
41 51
92 26
76 115
116 172
39 57
73 43
131 167
87 133
13 26
33 85
48 22
98 174
116 30
135 158
12 109
121 10
26 164
81 71
29 114
140 107
177 104
80 136
133 94
132 79
150 105
82 70
20 32
53 137
86 95
140 104
109 40
125 138
49 74
134 161
167 163
66 32
22 166
93 84
98 77
142 91
59 124
181 140
10 120
130 119
62 16
36 83
101 132
64 176
115 135
86 87
36 18
85 83
29 128
29 140
6 122
176 3
25 154
126 41
160 175
12 67
5 153
167 44
117 160
42 163
52 91
63 6
47 75
120 158
112 37
174 69
113 169
1 82
5 26
44 144
170 48
162 120
43 71
176 17
95 31
17 142
175 140
28 113
67 19
167 136
102 37
140 25
149 97
24 161
157 128
152 27
83 12
151 46
97 73
19 86
124 54
23 27
53 155
16 37
133 125
11 124
117 68
134 47
33 70
91 96
183 160
118 41
166 171
32 101
82 6
114 166
5 41
136 26
109 136
120 36
63 137
49 30
157 127
94 79
159 156
22 19
133 111
169 138
55 75
12 104
31 159
166 170
157 138
89 30
57 167
64 182
98 163
8 129
35 169
13 162
143 18
94 144
95 18
115 147
148 163
161 164
185 63
64 179
161 103
147 8
131 50
58 184
146 46
31 169
148 155
14 144
2 148
172 23
149 50
6 97
148 6
50 13
69 72
72 89
38 47
8 62
72 79
23 174
133 33
48 53
103 121
3 163
125 162
100 79
41 119
62 83
37 23
81 88
82 62
124 97
87 123
23 93
75 81
11 113
31 72
115 121
7 35
99 60
72 45
64 76
45 23
111 98
31 1
60 23
66 4
58 22
15 4
46 113
108 68
65 123
68 5
64 113
118 109
49 89
68 47
8 30
28 105
92 17
47 43
34 105
67 53
66 71
27 16
60 121
32 67
83 110
17 91
98 101
46 25
19 2
102 14
94 113
43 109
115 65
113 51
112 24
66 115
26 71
97 58
3 21
62 81
15 11
64 121
56 124
59 57
94 57
86 27
30 64
13 122
114 120
19 112
107 65
51 77
78 13
86 56
70 111
93 40
53 61
2 55
35 96
62 9
121 37
56 84
24 57
112 2
74 33
124 15
114 22
83 51
49 93
10 68
62 73
15 121
16 95
87 44
63 124
53 122
70 93
25 66
103 78
49 94
27 91
125 2
75 19
91 113
119 85
109 60
88 54
125 122
77 100
32 9
44 101
115 125
101 91
47 3
30 108
21 114
97 104
42 93
26 52
27 28
60 40
113 6
41 93
111 7
67 75
57 91
67 41
83 35
113 23
44 36
98 82
22 51
110 114
120 21
50 21
123 87
65 26
123 98
69 96
2 91
112 14
71 111
40 13
71 103
50 39
3 15
15 5
53 65
4 103
102 122
13 114
41 94
39 47
57 29
47 80
15 100
18 61
19 7
58 118
11 104
88 53
63 55
74 27
2 118
160 208
156 158
80 25
121 155
124 70
156 22
80 30
52 98
32 117
20 51
107 151
118 90
39 92
91 40
150 21
159 160
137 90
88 60
68 105
18 1
21 25
41 67
43 35
158 4
119 73
141 138
12 28
83 55
122 43
127 144
59 132
17 133
115 140
26 125
27 148
34 6
56 143
19 96
39 140
43 32
76 88
93 58
87 138
41 96
19 47
156 137
63 14
156 155
100 119
52 54
139 121
24 13
81 65
119 124
30 100
13 143
9 137
36 134
22 93
84 142
110 140
15 23
123 113
120 123
49 92
16 130
156 4
156 17
149 3
148 51
48 113
135 155
15 119
138 103
127 4
156 146
150 159
118 14
147 24
130 82
137 69
112 139
137 15
126 45
48 143
1 40
102 103
29 150
103 25
113 149
47 80
119 100
26 158
97 121
46 65
83 17
155 148
20 94
3 78
28 84
131 135
29 101
123 51
17 53
52 138
62 121
66 6
155 60
24 131
14 74
72 93
129 33
15 79
153 100
97 55
40 87
68 1
113 123
95 9
10 59
31 136
111 29
30 159
67 3
60 45
81 151
63 81
107 4
8 62
126 145
110 2
127 143
139 27
91 125
67 82
53 45
155 88
28 73
9 86
124 67
120 71
108 134
137 81
73 61
80 14
49 2
47 31
145 44
117 113
90 30
102 108
21 107
48 135
44 90
19 148
52 17
151 120
139 3
111 10
127 124
156 13
133 51
145 59
64 63
79 37
160 47
20 45
34 129
103 125
58 36
53 137
83 35
139 92
78 123
10 70
105 119
28 133
95 54
112 131
21 49
118 148
68 56
69 148
157 87
69 37
6 73
89 102
25 54
71 160
25 145
96 117
21 67
59 86
15 143
154 16
158 32
102 11
23 72
6 105
6 77
100 70
41 126
151 90
22 73
49 27
11 105
73 120
45 32
144 101
135 176
45 113
50 23
69 112
58 59
67 45
113 101
133 118
51 82
4 50
70 135
20 72
46 39
28 43
17 3
111 49
41 61
46 99
54 94
15 19
105 9
103 22
108 98
6 37
21 76
76 121
43 52
134 70
27 72
69 126
31 83
73 1
83 97
117 41
17 128
79 85
43 108
66 101
81 13
104 34
44 49
64 125
40 45
49 15
20 111
43 84
98 19
64 79
37 86
130 46
55 78
6 22
133 125
115 5
62 74
99 75
21 87
34 59
25 55
31 32
17 38
12 103
121 124
53 5
27 55
63 92
26 48
102 36
33 89
10 11
35 69
128 126
135 47
69 28
8 135
128 25
2 11
68 22
32 84
117 98
100 102
46 49
24 33
18 83
61 133
16 22
34 94
21 51
45 118
6 84
46 88
90 123
119 48
63 44
132 15
107 53
93 111
28 7
11 17
90 49
113 35
19 17
129 40
26 102
36 103
127 114
69 102
27 57
69 128
29 45
96 57
101 131
62 118
6 53
124 64
135 39
29 65
24 44
25 132
61 50
96 51
79 8
80 98
93 81
116 105
49 104
120 70
88 78
19 15
32 5
73 65
52 16
29 122
80 46
79 24
114 31
123 45
88 101
133 102
22 100
103 90
98 101
40 3
27 18
31 124
64 131
40 49
48 53
107 104
7 89
59 87
43 85
107 56
1 59
3 116
14 80
118 128
39 10
54 35
55 27
72 95
62 15
40 78
41 89
86 104
38 85
66 34
78 37
112 23
62 95
32 39
68 54
92 128
111 18
35 101
127 97
70 20
128 166
91 124
54 18
48 52
100 52
35 52
53 16
47 127
43 16
44 51
85 48
50 59
128 97
12 77
17 109
66 16
95 66
92 34
119 22
38 45
76 73
4 94
111 26
86 14
123 2
71 97
79 24
36 23
3 56
46 83
30 37
80 86
114 67
128 62
95 114
52 88
48 44
5 28
121 52
2 16
69 11
105 81
16 89
125 89
31 128
99 3
117 76
67 106
24 28
54 42
26 34
66 88
14 122
65 106
70 83
58 34
123 76
66 41
106 82
115 109
87 90
64 68
47 30
99 62
126 52
35 29
119 51
94 107
64 115
28 117
36 11
78 79
100 47
127 72
42 101
40 62
107 48
30 116
26 88
7 29
40 19
117 16
116 56
77 31
121 124
109 122
99 11
101 51
17 26
50 34
8 15
119 57
14 41
78 111
20 100
51 93
125 102
107 65
66 81
53 127
43 50
1 40
93 51
24 84
82 19
68 57
60 35
95 30
84 32
84 109
55 49
33 4
19 106
73 21
106 105
41 52
30 23
20 63
11 74
43 110
106 44
64 106
5 94
25 32
115 52
69 55
107 51
16 88
86 90
117 29
85 72
84 64
81 66
53 61
67 33
53 121
92 91
5 49
55 37
112 48
52 110
30 1
6 18
100 105
81 2
121 49
90 15
108 28
91 9
59 13
58 73
18 98
94 119
126 121
81 7
65 70
20 29
104 41
15 59
112 46
22 62
42 114
119 96
7 5
110 103
100 111
5 69
117 152
72 115
93 15
53 50
3 43
34 59
94 48
108 72
75 58
40 83
84 18
84 24
113 33
26 71
83 88
96 34
7 93
106 63
58 24
22 7
67 51
54 113
91 30
60 113
93 109
17 51
87 78
37 56
26 30
108 18
29 86
107 52
50 17
58 36
69 81
82 106
109 102
73 52
67 1
100 56
105 69
84 100
69 112
44 89
38 40
106 44
58 40
102 113
46 59
57 31
76 73
109 32
24 64
19 87
57 6
91 9
72 56
11 25
32 98
49 15
28 30
59 45
4 3
10 44
59 49
116 70
46 34
86 63
35 93
85 57
9 75
7 56
86 62
95 37
66 70
114 69
107 105
48 41
39 85
50 34
107 71
50 65
10 100
37 16
72 93
73 20
40 112
15 84
1 113
26 81
57 102
25 8
95 2
112 91
22 17
52 5
115 60
46 69
9 97
96 109
49 88
64 100
65 31
8 49
101 4
70 14
26 102
9 89
13 40
84 95
99 104
75 7
104 9
13 64
23 83
9 107
80 57
49 59
30 97
60 44
111 115
79 106
87 57
60 106
79 32
56 106
24 30
34 105
18 40
69 84
19 41
19 10
42 29
38 11
73 44
31 19
109 14
17 69
51 76
73 94
97 78
107 94
109 70
74 54
93 41
42 75
69 9
70 30
92 97
61 41
62 18
100 113
37 51
137 178
92 46
78 29
38 51
69 36
61 122
45 44
51 22
100 112
118 92
86 114
39 120
59 102
80 74
111 83
118 22
62 137
119 95
122 78
112 89
49 42
130 46
27 74
135 21
16 98
123 90
35 136
68 23
58 5
29 48
38 95
24 124
125 100
71 20
116 96
49 134
36 96
22 34
19 83
93 21
68 24
10 2
105 126
61 27
86 83
26 80
104 101
22 19
43 119
45 9
64 118
6 23
2 49
52 78
109 13
77 135
91 82
34 131
120 109
28 39
41 13
59 117
80 112
25 136
130 132
26 14
69 100
56 92
61 113
135 132
58 109
108 31
82 26
92 37
9 80
89 36
33 7
39 19
7 8
30 84
8 58
25 26
54 31
76 41
62 18
94 10
117 48
124 7
114 115
123 43
71 92
58 69
52 96
72 42
11 18
12 116
38 72
120 56
131 81
49 119
26 70
127 31
112 31
47 110
33 120
59 63
56 87
53 35
47 21
38 71
86 102
41 76
76 101
123 97
132 102
81 126
112 93
28 112
137 11
130 123
20 133
16 134
71 86
72 84
88 40
38 16
103 99
34 89
7 27
87 114
108 5
114 47
92 47
18 7
131 20
110 60
11 22
8 126
110 26
135 119
7 53
99 84
121 86
120 46
2 87
108 120
105 90
42 22
133 81
105 64
83 5
12 137
136 129
39 73
100 39
115 74
30 83
37 101
91 16
83 56
114 50
123 84
48 94
25 101
105 26
15 45
63 105
48 69
62 113
12 62
24 45
128 108
94 3
135 30
24 117
110 106
137 27
102 90
54 22
159 207
155 5
122 60
8 115
13 149
106 83
14 7
52 144
78 52
90 129
134 14
26 92
85 41
99 37
4 37
61 32
10 148
126 39
72 68
133 61
31 23
80 120
43 135
131 91
34 153
10 115
70 115
92 118
107 127
109 110
71 2
20 77
3 39
78 104
29 15
159 119
1 152
114 51
127 30
24 42
130 53
102 120
46 43
129 150
8 36
156 125
3 46
149 133
105 8
20 140
2 108
132 157
117 131
8 30
97 81
12 21
84 125
24 15
54 126
108 116
9 110
10 128
158 78
157 46
32 69
144 86
14 94
68 110
103 145
8 108
15 45
106 90
104 30
40 4
16 83
46 61
76 14
134 145
99 45
116 129
33 98
90 89
7 52
87 142
95 92
95 159
33 26
114 141
32 27
152 43
123 62
57 40
29 68
104 73
38 43
23 123
23 80
23 73
142 153
55 28
3 34
16 138
55 44
121 135
123 93
118 106
111 152
101 152
80 65
113 80
129 22
19 96
152 140
45 94
83 105
77 1
127 48
2 155
137 95
159 75
1 115
115 123
58 138
75 26
34 16
37 109
128 10
31 60
158 29
92 44
44 39
124 42
57 121
49 127
82 43
149 56
34 86
133 52
54 30
41 99
91 19
35 92
139 114
63 85
61 83
156 128
12 137
36 73
147 9
155 89
16 31
40 110
31 159
83 7
99 70
126 87
156 127
82 21
158 54
83 12
87 114
123 155
57 106
70 57
30 135
159 27
35 45
157 1
72 148
129 97
29 49
7 119
143 46
99 51
33 111
92 14
126 127
117 127
101 141
137 56
40 97
68 14
64 34
151 109
127 124
4 159
111 146
121 32
44 75
24 154
71 36
129 82
90 37
55 92
145 62
93 70
13 108
97 159
45 28
9 24
18 1
158 120
132 57
61 28
1 137
20 24
13 36
63 19
184 239
120 139
142 148
4 182
44 65
105 63
142 171
76 127
35 73
141 134
88 44
72 17
127 101
54 23
59 53
125 130
50 181
25 60
129 22
182 41
97 184
116 7
16 60
112 22
123 109
100 48
123 150
173 163
67 154
43 4
5 178
146 29
18 29
45 70
69 22
145 105
34 113
13 11
23 10
11 74
12 50
54 182
55 181
75 90
7 65
42 118
172 97
94 130
131 141
73 92
166 19
117 119
67 184
129 172
146 88
68 52
154 50
117 140
107 8
91 156
46 111
147 52
159 94
125 128
159 120
181 68
24 131
130 93
144 20
120 81
57 34
173 7
148 142
35 66
156 147
140 7
122 119
166 50
152 13
75 153
91 19
49 125
18 89
30 70
174 176
55 145
178 172
52 178
134 2
123 32
142 114
29 125
181 121
71 170
150 115
55 67
57 2
84 85
51 83
33 19
25 72
24 12
21 123
141 82
179 133
65 133
75 1
64 9
29 113
138 60
7 39
105 146
109 98
90 48
40 180
181 95
161 102
158 118
158 6
136 35
1 61
30 131
74 64
101 72
178 132
86 157
158 123
12 160
134 118
139 134
70 73
42 120
122 5
134 74
75 79
87 80
74 113
97 166
173 65
45 22
175 25
148 8
173 18
181 33
120 4
171 128
12 140
130 181
17 8
120 44
177 138
110 87
82 97
164 23
148 43
136 79
59 121
119 98
100 70
44 73
101 122
47 61
122 12
160 17
51 63
176 68
168 24
148 7
71 52
154 40
59 97
157 44
57 111
165 80
98 23
123 156
38 142
21 4
59 36
164 125
84 72
30 71
8 144
68 45
131 107
60 172
56 120
128 143
79 165
60 142
34 176
106 64
179 51
5 53
80 111
145 34
23 117
77 124
7 55
174 39
162 163
140 126
22 95
107 172
78 175
49 35
147 180
59 38
51 122
96 82
44 116
112 169
70 153
10 89
24 109
43 172
135 171
85 141
29 103
129 174
42 174
54 168
99 70
111 45
155 58
144 168
105 119
19 149
40 45
122 124
99 63
66 31
99 111
10 97
164 124
141 179
33 86
148 25
129 103
16 57
175 228
148 152
125 94
92 5
171 157
137 66
76 90
132 172
76 94
71 175
156 122
54 168
100 134
165 175
164 8
163 72
2 137
120 17
31 124
37 33
145 18
16 75
107 64
86 54
48 155
30 17
98 47
91 22
122 20
120 44
119 12
53 165
134 93
139 130
52 29
146 23
140 173
4 111
157 87
155 9
134 105
141 89
143 140
89 86
49 143
16 61
51 56
142 83
124 131
13 70
69 128
21 16
66 144
152 111
155 146
165 79
137 160
43 72
145 81
127 53
47 12
50 104
72 113
55 56
130 124
120 140
100 159
76 102
110 24
12 36
92 172
28 69
39 133
103 131
172 34
35 110
9 149
25 106
86 114
16 9
108 110
58 152
23 43
73 28
166 151
76 47
146 17
9 86
43 99
150 133
141 41
11 27
29 155
137 33
51 74
87 36
18 12
171 88
14 4
9 98
46 30
4 91
118 83
48 158
125 15
18 23
29 38
169 58
56 58
128 34
82 170
170 147
35 6
77 19
65 167
47 82
37 80
26 59
128 169
50 44
131 82
7 136
146 122
54 55
96 23
97 134
160 37
93 12
17 168
46 88
3 115
93 5
19 90
116 124
167 68
9 5
49 163
42 155
139 75
172 139
171 11
114 106
146 168
163 80
128 166
122 83
135 48
43 111
2 64
134 149
149 86
160 88
53 155
68 1
67 87
144 17
124 58
27 146
121 168
138 57
80 159
108 93
27 86
72 61
115 88
162 63
76 106
61 158
33 155
169 93
69 73
6 2
105 166
74 27
115 132
32 68
37 48
11 68
161 157
141 67
9 73
56 170
160 55
94 162
7 102
161 35
170 132
62 32
130 45
51 49
53 119
148 30
18 24
27 3
33 34
128 10
1 60
55 63
73 69
25 113
173 13
168 59
156 153
70 27
130 120
126 114
140 157
104 12
70 4
101 169
107 118
22 40
174 162
6 88
155 4
139 49
166 70
89 3
88 58
172 115
97 119
142 101
44 4
96 128
31 89
170 22
55 47
158 51
58 159
124 161
92 68
24 121
81 102
21 99
23 51
95 121
65 79
8 41
106 42
80 24
57 27
78 84
107 84
4 54
84 108
37 40
20 74
50 74
108 15
41 69
123 66
105 92
91 83
18 76
36 113
112 40
51 17
105 44
43 40
93 65
112 32
83 11
114 6
92 51
62 117
94 39
24 80
58 33
43 101
41 35
59 67
99 47
58 5
105 91
115 94
71 91
50 54
107 76
71 62
43 11
61 41
52 30
118 108
84 111
18 11
9 117
23 54
62 104
42 77
10 28
4 15
33 88
107 62
90 89
4 30
31 94
102 14
111 49
23 78
70 104
5 94
102 59
32 80
79 39
93 109
20 60
52 74
107 33
109 85
91 77
38 62
15 10
49 121
24 84
49 63
74 95
41 110
47 2
71 100
86 43
108 39
120 4
19 66
87 98
6 103
53 70
79 100
64 9
41 117
120 55
32 108
18 63
117 91
21 51
110 88
9 57
77 21
31 48
87 7
16 113
115 7
100 63
27 65
77 89
91 58
97 88
62 34
119 98
85 27
54 17
54 103
85 89
44 46
103 105
119 81
50 26
41 79
60 39
24 64
95 101
63 74
41 71
116 95
122 56
123 71
123 113
97 2
78 29
25 110
77 36
29 40
115 34
89 85
100 14
104 71
65 102
69 49
106 26
97 121
107 102
48 103
74 53
105 121
6 44
87 103
33 2
107 59
120 29
85 102
34 3
54 80
199 259
146 94
85 178
164 64
59 40
11 82
39 162
45 42
135 78
93 132
118 33
6 140
156 69
156 171
143 71
4 131
195 52
38 1
80 20
106 62
130 179
114 8
19 72
48 149
176 15
120 178
38 188
20 25
44 13
18 4
39 78
182 27
147 164
33 2
143 144
37 77
108 97
59 124
126 26
94 132
140 35
197 180
59 131
13 33
109 136
67 120
65 175
17 68
72 168
165 159
12 191
54 104
90 178
162 195
94 80
57 153
8 127
143 86
87 168
72 47
121 32
108 83
84 66
137 159
73 103
104 29
168 32
5 93
136 143
105 109
36 155
97 38
28 95
44 36
24 116
114 132
142 113
84 37
139 129
178 4
169 28
92 160
147 108
57 64
162 33
61 55
148 97
119 6
139 47
45 83
108 30
113 70
18 68
36 192
69 36
149 79
106 191
93 135
192 81
32 120
50 144
88 102
78 17
187 166
103 159
66 183
40 9
35 129
28 56
190 65
116 115
102 165
74 13
71 189
42 102
110 144
141 4
162 73
57 97
57 180
144 140
84 167
73 92
110 58
161 55
76 127
88 25
140 94
51 134
34 176
52 189
85 54
155 71
75 83
58 168
117 28
54 43
146 85
108 41
84 108
27 64
57 181
71 164
185 121
113 133
134 153
37 163
78 119
96 74
17 193
113 58
94 79
31 121
81 183
47 38
26 87
65 75
163 74
120 186
165 49
37 176
26 172
88 112
38 180
4 80
196 3
10 142
146 10
193 194
110 131
103 116
107 134
47 53
47 36
101 125
69 22
27 65
19 42
47 119
85 176
11 120
81 110
95 160
119 110
150 187
184 151
156 167
105 81
131 66
84 83
11 96
70 75
73 76
155 101
51 193
58 6
111 105
160 78
59 94
139 73
18 64
33 106
101 136
39 53
67 99
180 66
189 177
35 145
101 59
123 145
142 147
37 44
69 20
190 11
131 23
31 56
98 69
190 162
184 188
129 121
172 198
12 16
110 90
8 129
59 176
123 166
10 160
10 134
179 84
178 187
163 77
16 75
177 122
31 75
72 4
145 61
15 199
191 41
110 37
198 46
34 20
152 115
194 135
131 128
182 93
85 122
175 156
8 83
150 190
119 132
121 101
54 125
183 163
173 162
27 147
42 18
78 189
128 62
68 140
198 87
200 260
198 83
22 190
58 76
167 125
159 109
165 149
29 158
197 62
197 156
5 168
99 31
102 126
156 197
160 8
165 80
24 5
144 150
178 113
20 133
157 97
21 168
154 10
29 70
139 190
46 18
54 100
169 113
35 60
15 154
157 164
33 1
145 37
40 180
172 129
11 51
130 67
100 6
104 121
54 113
200 6
119 94
116 1
188 19
54 148
61 100
9 196
149 193
6 84
124 90
122 126
197 129
78 131
6 116
32 155
183 179
42 79
199 137
17 131
174 38
111 23
121 25
155 149
54 70
144 31
200 194
60 147
36 129
30 20
165 115
11 165
170 195
94 29
146 28
13 70
135 140
90 36
47 6
74 53
156 95
95 19
24 162
108 31
116 38
55 157
26 95
24 37
72 56
167 172
39 4
35 33
130 192
162 15
16 96
48 30
34 147
200 89
179 99
182 12
192 195
85 86
158 97
134 77
32 68
46 140
51 97
56 120
103 140
3 11
143 189
77 79
35 48
72 168
53 116
40 120
142 15
138 162
150 186
21 117
198 11
164 182
191 27
66 105
162 146
66 122
98 32
39 17
192 108
178 48
65 193
200 59
10 128
113 135
167 58
46 119
16 111
132 157
119 98
39 183
1 175
176 170
112 100
114 160
64 53
57 95
25 57
180 110
174 42
123 103
191 132
167 37
56 180
81 49
165 162
125 140
67 191
82 124
90 1
123 170
110 24
78 100
68 27
108 17
73 140
137 15
194 112
92 25
19 169
136 52
195 66
35 88
157 39
76 184
61 43
150 179
166 55
71 132
150 39
47 4
176 137
61 182
69 3
28 10
177 21
26 68
151 100
85 63
139 163
2 181
133 52
59 189
40 181
118 184
102 112
170 166
187 1
5 39
148 109
25 53
48 181
107 139
88 81
97 24
7 114
70 10
79 72
56 182
82 62
37 74
92 53
34 16
79 121
39 188
46 87
116 165
42 194
5 191
46 153
49 29
122 150
195 182
149 200
178 85
40 168
75 52
132 184
52 119
116 180
70 40
82 173
46 63
133 181
76 57
24 93
146 33
31 39
37 99
139 67
110 180
71 65
29 190
51 180
166 24
123 108
82 45
198 19
159 157
95 91
175 28
48 63
170 149
152 74
166 12
56 154
63 76
197 15
190 78
37 10
54 152
105 174
158 185
150 195
90 24
9 142
38 134
107 17
134 138
94 64
19 16
16 95
123 108
31 144
9 98
97 6
48 2
62 108
2 139
94 74
22 48
95 133
27 136
116 146
130 59
50 15
47 60
111 80
142 4
129 32
121 11
59 40
16 144
137 117
140 17
32 78
103 39
12 103
143 111
124 127
89 81
84 66
136 11
105 81
10 116
18 116
143 71
150 57
52 90
58 139
98 146
144 65
118 141
18 35
55 136
41 39
53 71
69 103
16 59
119 12
71 127
118 43
126 59
139 133
58 111
29 59
70 111
30 63
120 66
140 2
92 133
124 27
136 27
136 7
95 45
105 28
130 30
65 64
81 84
57 24
122 145
41 23
95 141
47 77
47 43
5 51
26 70
6 75
110 123
90 15
139 44
148 51
6 15
60 104
120 9
58 75
49 25
45 49
88 85
96 131
121 33
97 82
125 45
60 47
61 101
113 13
75 147
142 75
103 100
149 7
79 144
12 56
74 104
86 107
94 29
60 111
86 12
18 106
13 7
113 27
72 20
6 74
117 56
129 14
81 141
117 107
146 134
90 138
28 57
131 67
134 46
62 44
64 140
30 29
59 72
81 39
37 126
115 19
82 66
137 102
109 7
84 34
103 69
48 65
53 4
103 54
30 104
130 54
8 142
131 64
94 68
24 148
132 61
74 76
83 101
33 105
115 12
150 12
80 143
105 3
10 150
49 19
38 7
98 34
106 3
66 65
138 82
80 78
141 108
17 75
113 116
125 128
41 129
38 118
132 67
99 66
33 52
36 55
146 126
41 69
64 113
107 46
64 5
93 40
10 42
8 57
81 38
43 45
53 133
130 7
144 129
22 8
15 40
127 55
70 86
79 63
56 109
14 100
74 91
112 146
46 26
72 80
52 69
77 105
92 14
109 59
96 72
3 33
33 42
56 33
106 3
28 73
103 87
98 22
87 67
24 8
3 86
40 36
9 93
13 41
29 27
83 86
106 98
94 25
4 75
102 70
20 108
50 103
62 68
52 5
100 109
102 17
62 95
6 48
31 88
78 75
70 100
30 101
53 57
104 62
104 81
34 82
45 65
77 83
19 104
45 76
54 58
89 16
6 50
79 53
72 14
20 97
14 105
16 84
110 86
109 8
109 35
34 83
29 109
9 47
57 29
3 104
49 93
8 21
33 73
89 96
88 71
5 94
88 52
109 62
19 71
49 19
70 91
37 24
17 82
84 30
43 19
9 59
24 2
11 49
101 111
103 3
35 57
107 22
37 61
15 71
8 47
6 55
16 5
10 110
91 36
2 50
14 41
2 6
79 110
46 45
16 6
110 66
84 4
50 32
20 68
59 57
3 46
101 60
84 80
80 55
76 110
110 55
68 36
103 13
10 108
111 22
92 45
18 23
3 78
9 88
104 10
44 94
4 42
93 33
22 92
46 35
31 93
86 109
61 96
81 9
28 80
11 20
38 108
70 12
43 2
97 20
93 98
79 77
23 78
30 89
17 23
81 71
92 41
36 3
103 20
2 23
26 101
50 110
106 92
18 67
193 251
53 184
149 86
190 138
128 19
154 124
55 137
130 16
117 37
140 147
157 135
161 104
18 33
55 48
16 104
52 187
193 154
123 70
96 103
105 129
117 21
131 158
164 12
26 120
161 148
26 159
153 32
177 65
94 145
15 192
30 67
29 63
67 147
123 178
135 94
164 187
26 77
105 173
76 167
105 121
29 2
128 111
180 95
91 54
132 64
178 21
188 153
133 43
151 116
160 154
154 142
116 43
153 101
69 76
148 179
6 162
43 137
170 109
18 179
70 149
50 65
140 50
26 55
24 69
108 68
49 116
189 53
187 185
45 24
82 157
47 120
2 186
114 6
177 51
35 179
91 69
174 177
41 181
94 148
82 128
178 149
10 119
171 118
119 66
81 130
146 90
187 98
154 34
181 152
95 51
3 112
140 83
68 180
131 141
109 80
88 131
167 119
187 193
133 51
187 128
83 137
46 127
96 14
134 125
176 186
30 163
108 131
160 12
137 147
176 68
51 92
178 58
15 126
140 185
53 56
1 110
182 170
68 107
23 142
36 51
129 117
83 124
121 114
101 80
38 134
36 150
103 127
17 45
74 177
60 58
30 119
40 59
129 47
130 47
147 74
46 25
95 60
79 8
50 182
113 74
152 142
156 12
98 75
112 60
165 82
5 82
30 126
168 95
161 178
139 187
54 117
84 109
100 165
121 161
148 154
19 164
151 65
85 114
37 35
166 121
165 111
106 15
90 113
15 127
175 94
159 123
36 167
32 81
7 5
84 125
165 156
100 116
126 66
36 90
106 66
39 192
122 7
94 111
144 5
163 181
47 78
82 141
175 12
85 128
16 30
116 93
103 148
6 4
150 120
157 86
167 159
189 123
63 190
9 88
181 61
15 62
121 21
192 51
83 115
141 162
119 183
166 103
65 80
54 192
126 65
144 6
17 5
169 125
180 148
144 104
89 180
82 182
83 67
59 102
83 136
179 47
106 133
5 65
4 166
131 189
36 119
125 184
122 44
190 193
33 40
41 101
149 41
55 171
68 1
191 4
173 9
153 31
85 125
38 81
139 155
155 18
58 71
132 1
191 99
160 144
100 126
162 95
68 65
60 104
123 156
160 127
139 84
166 86
145 40
88 71
61 60
111 107
119 155
56 41
3 71
5 74
106 16
90 49
24 88
88 60
62 7
57 9
113 3
59 86
7 47
91 51
76 100
27 75
119 34
46 113
88 80
109 15
107 16
3 70
4 31
24 35
13 57
61 105
104 29
61 79
3 46
104 13
76 95
13 65
27 70
19 17
102 57
17 1
94 88
113 87
31 20
65 103
93 66
101 38
63 75
53 104
102 61
83 61
108 44
44 119
78 10
15 50
98 62
7 39
21 43
37 41
60 83
12 108
41 82
56 37
63 69
75 55
31 23
100 43
66 40
94 92
61 77
24 29
116 101
117 2
2 35
48 92
103 60
25 48
34 10
74 69
16 83
13 40
8 99
98 63
1 105
32 63
36 101
43 76
37 108
59 83
32 119
48 73
10 65
51 59
45 35
118 23
1 109
100 79
90 78
44 88
99 20
13 4
27 119
97 73
110 86
2 19
32 40
45 91
76 29
114 46
57 79
45 20
112 103
74 83
32 1
22 48
48 47
16 18
65 109
33 71
50 70
58 6
71 18
77 67
110 12
3 1
23 76
44 118
29 55
27 8
100 22
117 52
57 85
19 24
11 62
1 50
69 105
54 7
7 45
12 52
95 32
110 21
108 10
30 115
81 31
63 32
11 80
67 5
88 38
115 7
85 12
97 75
30 4
59 73
84 61
49 17
7 30
57 118
119 101
86 57
78 40
70 113
195 254
120 29
161 181
57 194
6 177
114 152
34 151
140 127
121 55
184 1
192 81
69 115
152 125
46 67
39 188
2 12
86 186
126 25
133 29
57 107
110 57
59 89
148 90
123 58
114 61
86 15
45 192
39 157
153 15
186 64
167 7
166 49
14 17
92 38
195 17
134 139
138 113
163 143
82 51
185 47
136 66
126 80
45 135
171 7
181 70
166 173
28 55
129 5
80 190
7 26
157 136
6 49
39 136
133 169
68 172
49 154
12 102
141 101
146 107
143 95
32 154
182 81
22 145
90 148
180 118
7 61
67 152
175 135
128 172
59 103
69 53
36 162
54 96
130 53
67 93
54 38
4 159
52 177
32 26
183 122
50 28
3 181
1 160
100 4
171 82
33 67
84 162
58 49
65 106
111 97
184 150
60 179
148 72
82 111
153 170
143 51
87 25
63 135
193 2
82 145
150 119
145 4
132 46
131 30
60 169
116 141
160 100
35 5
172 134
56 160
115 141
50 170
123 153
98 82
73 31
96 166
29 132
47 57
195 146
79 112
66 37
76 30
102 5
118 180
113 37
116 3
170 60
23 19
22 162
52 35
31 117
190 129
140 181
20 177
108 65
114 102
129 120
118 139
90 51
23 30
139 121
109 99
75 72
57 81
195 63
153 32
78 12
145 78
34 168
172 89
184 14
171 27
129 2
181 137
80 75
93 185
159 84
30 72
25 53
46 142
105 53
71 161
58 139
76 73
16 130
5 80
30 195
61 194
132 110
118 45
107 22
50 124
5 84
25 51
18 66
99 53
148 121
130 156
135 54
77 7
84 79
160 155
125 78
34 24
169 42
17 11
162 119
70 47
171 36
45 63
96 135
195 8
181 120
65 122
72 95
59 77
91 160
8 155
184 15
143 2
17 63
131 149
87 157
3 89
58 18
18 99
167 86
24 176
134 162
97 70
97 81
173 67
112 23
67 150
120 48
189 89
93 18
67 175
143 149
45 42
110 194
35 165
167 126
113 149
153 65
68 50
129 72
113 135
16 115
125 29
118 168
62 195
45 107
139 190
92 164
83 164
168 145
80 143
151 63
138 177
152 156
185 16
46 99
120 139
183 9
136 132
96 49
85 23
100 14
38 35
98 66
154 92
65 167
79 28
57 23
180 234
112 10
164 18
20 47
109 131
108 69
127 111
150 117
123 77
39 127
78 79
75 176
180 10
142 62
62 108
104 115
40 66
11 58
92 114
114 72
57 62
151 78
173 59
140 77
102 142
78 131
105 7
49 92
110 7
151 79
119 36
108 132
126 53
11 156
120 23
165 111
32 157
8 127
94 104
59 66
171 166
108 49
163 63
115 15
94 160
38 34
39 158
90 41
102 143
35 58
30 98
44 151
135 125
134 72
60 172
75 25
88 7
19 166
97 2
36 119
50 19
20 102
42 68
46 101
100 138
15 35
132 89
174 118
143 159
32 14
45 27
62 58
3 88
73 25
134 160
176 178
132 6
15 115
124 147
136 59
52 12
161 106
151 170
16 9
73 74
113 47
19 5
61 49
83 78
168 71
19 94
29 9
165 2
161 155
100 29
118 85
52 110
110 42
173 118
17 6
106 83
37 121
23 162
80 63
70 123
136 84
168 117
177 135
17 71
130 149
149 147
177 60
158 3
101 172
166 70
90 154
36 6
150 133
49 39
136 175
165 85
160 90
43 50
151 94
52 23
174 124
54 69
131 154
50 7
37 165
173 38
103 115
161 167
83 77
148 44
93 23
90 89
158 50
58 76
136 123
132 22
36 170
9 61
29 160
65 127
26 24
115 4
101 13
16 145
104 47
31 129
83 98
159 180
162 69
100 41
41 28
67 48
44 5
170 78
137 43
54 51
94 86
37 50
70 74
112 128
49 71
54 149
60 96
33 124
84 72
69 109
81 135
118 131
35 75
179 42
24 52
19 44
49 90
155 122
139 118
153 134
41 119
125 83
142 154
172 117
12 1
161 109
31 63
13 46
29 162
18 30
10 65
89 144
155 172
173 169
74 80
26 117
133 101
22 125
49 162
65 23
153 56
85 8
165 162
29 168
179 45
98 40
91 107
109 140
25 172
125 163
174 94
12 26
165 144
50 170
117 141
156 5
34 101
142 54
162 37
12 180
142 60
175 2
54 96
168 62
135 48
44 38
126 70
72 38
8 176
136 61
40 94
70 37
158 8
80 27
137 178
108 49
41 70
26 76
8 69
66 47
80 137
25 97
10 52
67 1
46 69
36 73
48 130
109 70
91 128
27 45
105 20
65 75
56 81
70 54
118 90
23 109
113 101
102 49
117 95
71 9
105 127
35 49
81 27
87 92
31 126
46 81
93 86
60 132
70 115
87 16
25 14
49 99
117 25
60 34
120 1
77 78
102 31
6 21
90 107
6 41
87 118
127 6
73 64
45 86
26 43
115 59
31 2
78 7
132 130
28 97
78 27
112 16
137 101
64 136
99 93
8 127
124 96
130 52
104 5
113 17
134 130
57 82
71 108
129 51
70 111
89 38
10 135
132 94
25 27
8 34
11 10
55 78
132 75
111 50
23 60
18 44
67 97
1 74
44 71
86 56
84 119
83 66
100 4
47 26
100 127
135 49
25 82
69 38
28 32
62 93
93 70
48 45
19 48
115 53
87 112
5 109
41 105
26 69
116 20
88 23
134 132
79 68
70 2
135 106
13 121
110 123
102 70
61 8
59 52
57 115
63 37
129 132
52 95
135 4
43 95
114 32
36 133
69 75
57 93
90 113
137 109
10 113
21 60
94 80
114 47
25 77
122 35
133 126
71 104
110 6
24 107
104 132
114 7
82 126
8 51
70 114
82 44
111 99
17 102
1 118
73 29
121 15
33 83
59 92
35 63
80 116
105 3
24 120
45 34
86 59
116 32
50 59
50 35
33 102
97 74
17 82
108 3
91 118
74 110
20 4
105 21
137 106
99 103
24 131
32 128
117 29
6 12
68 31
77 62
5 32
18 32
111 39
124 1
194 252
37 56
11 47
80 100
134 9
145 44
92 99
163 54
115 35
187 113
33 82
24 12
75 89
24 20
136 111
54 126
156 145
166 189
41 179
68 21
120 115
22 121
96 149
61 139
2 151
110 169
68 12
34 28
173 134
92 145
150 48
112 176
33 71
1 68
30 192
163 105
169 69
148 51
123 73
6 72
148 151
43 181
108 86
111 65
166 18
44 55
50 105
128 19
36 6
177 42
62 142
103 179
140 146
124 90
93 140
12 176
132 77
18 70
104 5
179 6
73 8
105 192
72 73
4 109
99 35
107 3
10 59
30 121
161 75
19 119
100 72
59 38
17 151
98 124
172 56
39 106
126 176
94 58
91 159
137 26
33 156
146 80
7 66
133 19
129 185
88 65
126 191
115 93
188 27
145 102
149 125
186 47
2 179
101 28
113 102
59 137
95 166
87 49
57 87
72 142
126 102
99 2
6 184
24 112
173 125
77 188
181 166
120 93
182 130
164 190
172 76
92 73
116 25
135 101
69 129
159 137
16 176
90 11
105 69
86 88
30 106
2 25
182 150
108 57
140 175
65 88
175 10
61 95
161 178
120 151
190 181
35 21
124 144
139 18
25 22
35 8
44 71
68 79
180 85
22 169
51 126
26 180
54 118
37 177
34 151
101 177
157 8
24 87
181 145
76 57
119 128
65 146
102 173
157 119
87 173
164 106
193 31
174 14
85 142
183 102
73 20
154 82
134 140
143 33
186 133
91 174
25 49
186 114
125 35
5 35
24 61
115 138
115 82
106 75
134 60
144 27
190 177
141 77
121 17
117 180
151 185
117 177
148 115
72 106
39 27
59 16
190 20
3 23
185 44
30 15
163 74
79 125
120 81
46 60
163 13
54 18
101 134
52 109
12 5
41 170
21 138
75 177
21 18
176 37
165 120
186 138
10 26
173 184
150 16
5 137
102 174
126 56
112 3
90 78
124 88
115 25
61 5
171 102
62 97
61 8
67 33
82 81
179 90
73 56
44 46
10 77
16 85
58 118
140 191
78 54
166 172
90 29
122 87
2 92
181 147
176 85
6 107
52 159
96 48
80 171
114 3
51 25
42 105
103 8
30 22
135 49
29 71
141 127
131 73
108 42
20 70
126 161
173 5
187 243
4 145
52 118
61 9
119 116
76 182
171 77
99 100
148 177
62 144
2 21
79 183
119 16
60 158
35 150
71 37
1 63
179 93
176 54
68 98
174 24
169 84
131 32
30 59
165 158
55 178
128 12
173 3
106 61
36 113
117 187
171 138
163 63
90 58
78 2
47 62
133 181
161 160
178 28
187 15
23 141
9 106
112 187
21 68
174 57
173 147
21 136
2 78
29 12
145 179
147 159
113 118
170 120
17 175
29 172
47 93
178 114
180 144
182 8
17 100
141 8
98 19
150 35
46 121
183 111
101 76
94 118
114 144
53 47
17 58
126 7
179 117
119 153
170 122
119 2
4 95
48 54
113 20
185 173
43 137
53 129
56 168
50 164
117 20
133 47
159 7
185 68
51 177
171 41
79 86
97 54
20 97
3 135
83 75
168 82
21 60
142 110
154 136
91 52
135 160
166 9
187 71
86 81
103 67
51 69
15 186
144 70
15 128
22 133
30 17
156 151
24 58
10 168
137 21
91 173
112 75
38 149
138 137
62 75
94 141
84 146
70 150
120 122
168 137
46 18
172 102
115 12
45 96
28 76
119 126
66 22
162 183
185 128
186 167
10 143
79 67
146 168
29 112
130 89
69 127
112 41
74 100
127 174
182 17
170 118
136 65
16 121
146 35
68 93
60 172
165 132
17 42
18 160
73 115
126 48
107 178
13 112
86 180
144 42
40 136
18 124
128 54
139 42
52 91
9 112
157 25
89 76
147 49
101 17
89 17
179 94
178 53
10 47
163 166
2 123
10 73
70 66
141 185
29 48
168 117
67 160
186 53
109 165
178 161
58 7
12 97
178 121
108 48
152 162
154 106
19 23
142 105
123 97
2 79
30 52
139 54
105 101
171 173
43 66
3 131
102 130
41 111
142 81
118 59
176 135
133 45
50 75
51 98
70 107
25 162
62 48
123 11
135 20
29 58
70 116
30 25
145 70
143 13
185 53
84 175
155 117
86 163
45 89
127 122
46 148
120 176
96 48
87 23
158 23
165 5
74 179
85 105
54 121
153 62
153 8
55 113
61 147
146 19
37 34
2 162
181 36
162 122
5 131
40 42
109 142
61 3
45 96
52 74
62 103
36 8
83 66
102 22
24 92
82 80
59 100
25 95
40 35
41 53
49 81
55 24
11 36
104 21
38 28
63 1
81 12
79 77
65 108
19 108
33 13
42 97
107 96
58 99
63 46
5 30
60 32
47 54
56 52
38 37
21 99
1 92
98 107
23 69
17 82
28 18
32 48
2 32
42 49
92 36
102 32
71 24
97 22
69 21
54 57
35 41
91 60
57 4
75 63
52 77
51 86
96 49
26 1
58 27
25 58
53 79
43 87
1 28
94 48
72 21
35 43
69 68
99 96
23 6
45 3
25 43
47 43
37 2
42 93
81 2
106 17
32 81
24 17
87 55
7 33
28 91
53 32
86 82
34 10
65 18
4 11
109 70
33 77
11 64
49 85
21 26
20 71
39 76
94 72
12 87
50 93
45 67
67 64
29 91
66 18
45 86
53 11
10 35
41 72
53 63
4 39
10 95
70 9
59 19
91 81
25 36
91 53
69 95
65 9
96 71
93 100
106 60
8 51
79 22
35 26
60 59
30 45
83 50
78 37
103 90
25 13
57 58
67 17
93 62
11 87
32 102
56 83
107 108
13 54
67 81
85 17
92 34
78 6
49 10
17 104
12 35
36 87
62 64
7 3
149 194
84 148
15 56
86 121
67 115
37 51
143 89
36 120
140 14
113 23
68 93
5 143
113 37
140 123
14 6
64 87
110 66
86 97
131 107
88 44
104 131
63 83
105 66
33 43
125 17
111 68
4 146
41 62
61 87
63 147
101 70
9 27
117 2
87 35
82 128
36 56
36 44
130 119
57 69
43 105
92 28
34 51
27 34
121 104
13 74
130 1
73 131
57 54
124 44
133 65
80 26
42 88
132 113
37 35
56 44
47 52
23 133
26 99
61 69
96 4
149 37
58 82
21 31
52 114
20 107
93 131
113 145
87 22
125 75
22 64
135 80
8 3
119 79
33 100
88 139
16 2
118 141
9 6
53 130
2 68
96 5
94 7
122 137
45 127
129 131
129 35
72 49
127 21
29 122
63 102
53 120
49 74
32 68
46 5
97 6
64 138
18 147
143 132
43 72
21 133
139 82
8 146
5 55
71 109
64 13
57 142
45 85
101 82
101 18
77 90
40 4
11 140
10 88
24 123
123 82
94 145
130 18
21 144
42 113
59 94
79 104
88 111
91 80
135 70
140 26
23 51
113 141
44 120
46 8
115 24
7 149
17 125
103 12
76 44
57 60
142 61
105 117
85 79
145 30
32 89
79 35
19 109
126 105
7 72
17 1
109 89
134 124
122 109
20 77
146 79
102 20
42 96
62 39
51 42
6 97
20 114
105 121
35 109
147 67
103 105
144 59
82 117
98 74
53 121
118 133
22 104
43 96
82 21
106 68
33 45
96 97
12 10
78 5
79 132
46 58
96 14
119 90
87 40
117 31
66 125
15 147
54 9
110 22
115 123
19 22
79 30
9 38
109 81
138 130
19 101
14 92
139 141
142 35
47 90
61 142
148 192
94 123
88 19
115 57
105 24
34 59
131 110
73 119
87 101
7 119
111 104
132 1
10 72
69 92
136 146
61 131
14 144
132 91
134 147
144 129
41 135
142 17
141 51
93 137
60 114
72 44
92 24
86 29
123 104
40 59
119 57
119 140
103 62
39 112
8 103
57 22
119 30
127 21
140 119
108 32
88 24
146 39
22 126
28 120
83 63
138 147
35 49
77 37
8 138
136 31
105 42
137 101
10 27
40 108
23 72
142 25
37 142
93 18
102 16
136 40
74 114
29 32
40 67
120 121
114 128
127 108
21 123
118 106
59 64
15 12
104 141
122 92
117 84
94 88
87 30
99 68
79 44
127 1
25 12
115 106
58 129
67 75
68 66
92 50
7 76
108 116
144 28
37 5
115 49
29 108
12 106
90 117
139 72
74 124
19 17
88 141
91 113
74 62
88 74
66 78
43 13
16 111
148 27
135 133
88 146
121 27
104 16
99 91
89 72
11 6
30 81
127 49
122 39
83 1
58 52
143 104
129 22
45 64
123 27
16 23
110 143
9 40
87 55
119 92
104 114
58 42
101 8
44 90
11 42
54 23
38 62
69 7
31 83
131 133
134 14
144 75
21 17
63 1
56 108
120 58
23 85
87 117
79 120
143 98
117 66
71 87
56 138
91 60
120 93
10 73
138 113
76 113
141 107
11 27
112 74
26 39
10 70
91 146
104 76
24 21
58 102
46 12
66 36
111 131
86 82
86 90
60 57
8 12
1 94
133 122
68 84
57 105
12 130
11 50
84 83
8 123
94 100
74 46
32 126
115 96
43 50
125 13
94 75
115 66
66 51
106 51
134 16
88 9
144 136
130 63
31 8
81 109
15 123
185 240
13 161
163 62
98 153
152 67
22 132
85 83
162 130
152 139
125 120
152 143
151 175
120 64
123 112
143 152
163 137
57 156
19 34
100 180
63 172
175 97
35 10
41 31
32 33
27 130
93 16
142 44
71 82
116 108
6 100
72 92
37 8
18 46
82 184
111 86
115 93
28 24
39 59
29 92
87 114
70 87
113 181
32 177
125 89
82 176
173 1
174 67
54 65
54 112
176 168
128 153
172 44
129 107
129 31
40 170
93 40
155 101
21 63
174 122
112 69
110 87
94 98
129 94
156 48
114 139
184 185
183 99
142 31
160 59
114 176
113 73
136 25
37 27
136 63
161 149
106 91
128 126
19 7
107 86
71 129
77 158
40 96
65 2
2 163
169 81
156 104
104 132
75 177
11 59
184 94
9 173
56 82
135 112
162 12
123 185
42 48
145 121
125 113
82 181
8 123
112 24
30 27
44 16
18 27
80 146
70 22
159 32
107 27
60 95
49 29
86 93
175 55
168 37
147 139
113 104
143 15
127 18
110 91
79 45
177 49
62 120
164 5
101 49
109 67
57 41
30 1
42 116
64 95
34 167
84 28
182 178
103 64
65 159
121 8
165 12
175 83
74 90
25 164
153 119
154 56
10 14
4 35
156 65
110 40
166 103
115 141
73 45
77 46
113 91
74 149
105 40
76 33
116 10
185 150
33 181
176 21
179 174
97 136
61 99
79 56
6 101
123 168
174 158
26 115
5 118
152 130
162 59
70 16
132 129
115 119
86 13
182 36
44 105
71 75
121 83
72 125
184 82
9 148
145 149
10 63
176 81
75 56
30 94
156 126
176 170
6 91
172 84
47 149
88 174
66 74
29 36
118 133
19 9
92 42
53 6
14 43
173 159
162 15
161 59
34 2
21 38
74 93
101 73
164 78
154 124
43 50
89 129
181 142
96 55
15 49
98 49
17 51
28 82
8 152
172 34
59 133
26 72
182 21
108 126
127 174
133 5
177 4
84 87
77 110
178 78
58 26
162 51
36 170
41 25
17 38
54 2
136 102
33 127
70 132
180 157
183 24
34 132
73 24
13 71
4 179
86 133
188 244
173 67
49 24
16 78
24 23
119 78
13 184
74 136
185 117
47 183
160 157
137 79
186 103
56 2
185 53
129 27
7 14
100 38
36 105
131 122
49 60
122 164
89 33
168 147
95 63
29 164
110 145
82 147
110 185
179 39
142 101
97 155
158 91
60 93
122 84
184 59
156 150
149 71
40 142
177 160
88 77
30 11
117 74
115 17
116 132
22 163
85 81
18 71
12 143
97 149
175 124
9 112
128 90
4 60
3 153
88 67
135 48
115 16
159 125
95 132
67 163
158 85
31 174
80 102
136 182
114 127
94 18
180 61
15 135
177 137
136 75
97 77
73 28
180 47
36 172
6 145
40 141
52 99
73 21
38 138
87 58
73 91
66 173
20 5
108 148
125 168
86 1
157 186
140 117
21 183
73 88
55 155
141 36
133 103
82 10
157 116
66 156
86 32
140 130
54 39
62 147
36 34
95 125
25 53
81 131
101 120
173 97
144 131
72 31
54 87
132 160
43 40
42 22
125 143
70 35
45 56
110 103
136 133
113 14
76 175
168 131
175 28
141 186
62 86
104 77
182 127
7 25
181 167
22 173
117 111
122 93
117 139
36 99
81 167
174 145
104 27
171 63
118 147
45 119
41 106
53 122
176 41
96 180
105 16
94 186
179 98
3 2
161 4
141 74
176 15
95 94
131 101
168 129
48 115
22 26
38 142
98 118
60 174
91 16
101 69
173 63
69 118
116 161
27 104
12 135
111 26
155 4
161 113
115 174
166 3
168 132
74 154
51 30
4 185
76 156
72 171
112 10
134 162
140 151
28 60
149 75
154 178
81 78
48 166
168 53
177 159
19 137
2 139
68 106
46 76
130 123
113 177
49 185
39 177
128 5
78 84
124 37
23 158
123 183
47 178
35 7
72 23
129 127
54 52
93 31
72 113
102 17
69 47
52 1
167 175
174 10
20 76
188 161
21 25
144 47
97 106
7 90
84 114
100 134
100 35
147 46
111 81
26 124
137 94
38 75
132 149
180 19
108 100
88 96
48 136
135 138
133 77
126 13
98 8
113 21
119 114
181 83
68 98
99 179
24 151
138 150
1 2
26 91
186 120
141 112
132 172
43 17
131 116
76 57
118 92
41 95
132 118
109 50
68 54
31 77
82 111
132 42
81 22
79 129
114 50
116 59
74 52
66 75
17 38
123 96
4 30
23 55
88 78
107 12
67 42
45 58
4 120
118 91
67 17
16 109
23 72
5 68
77 56
37 85
27 93
5 119
9 37
77 105
100 46
11 110
12 120
95 121
108 89
3 82
84 36
84 13
43 56
132 63
34 78
1 62
65 103
39 73
118 53
22 40
11 40
94 9
75 65
126 15
59 110
113 12
44 74
12 45
124 67
117 62
67 10
70 123
54 90
89 2
68 109
65 70
11 23
30 81
93 60
68 126
43 87
99 110
45 69
66 23
58 124
69 2
15 115
54 98
43 29
5 101
10 3
51 28
17 107
95 22
22 125
52 13
111 123
42 93
110 85
16 100
100 65
30 108
18 12
118 26
27 70
85 120
47 34
77 114
10 66
82 110
59 111
104 30
23 81
8 78
54 36
32 92
105 32
120 122
3 47
75 33
119 63
61 28
56 65
90 83
119 34
76 29
37 4
96 78
127 84
60 29
94 96
110 66
57 98
116 5
83 70
2 26
17 28
122 102
6 2
13 104
28 18
123 97
37 50
88 85
107 104
110 88
10 28
110 94
97 90
126 42
44 112
4 17
34 111
68 21
19 130
82 61
114 23
50 52
37 65
128 109
61 111
14 76
113 38
117 5
29 52
108 23
77 26
68 48
17 126
53 82
43 44
75 26
45 36
1 6
113 62
110 132
104 15
84 100
36 115
143 186
69 105
93 32
11 89
41 85
133 127
104 37
114 134
47 134
81 78
75 25
34 141
89 106
97 38
112 82
96 70
127 110
11 15
94 31
143 112
6 7
87 119
85 138
74 132
24 88
134 101
35 127
102 96
60 125
2 77
81 75
7 46
105 132
101 110
76 124
90 55
23 6
125 7
107 51
106 59
135 133
76 45
62 132
119 3
122 91
45 36
60 71
66 26
134 88
113 134
80 55
57 20
31 25
143 51
132 57
9 48
143 140
44 35
1 118
26 114
61 114
90 103
28 10
44 112
34 108
69 4
85 40
130 90
81 2
31 81
73 106
133 38
88 45
116 52
1 84
123 93
139 49
61 43
78 114
132 74
100 63
33 132
6 40
80 39
25 35
39 136
76 117
45 111
76 80
59 84
90 126
134 81
99 65
39 2
1 107
48 17
3 4
84 37
13 10
70 138
100 39
76 50
91 1
96 102
65 56
67 73
74 121
88 100
17 58
128 60
60 88
126 122
131 126
92 88
10 45
11 63
7 13
117 124
110 131
97 92
109 93
6 15
61 47
85 48
17 55
15 91
95 90
104 41
129 75
80 127
133 110
31 77
19 75
105 87
113 142
57 143
11 105
8 53
57 107
104 139
95 15
61 59
91 92
131 54
19 9
55 129
113 94
38 136
85 66
135 57
18 116
50 25
97 141
133 41
7 90
52 122
20 66
32 21
75 95
21 101
129 62
131 49
66 44
68 73
52 71
4 103
128 5
65 52
135 122
51 136
30 28
81 132
124 117
111 38
19 11
24 128
46 69
48 72
78 109
135 40
99 27
108 18
110 68
8 4
40 81
37 134
55 65
140 182
130 47
97 119
43 126
55 72
88 37
106 113
114 131
117 75
86 81
79 100
17 114
21 13
130 63
8 15
135 77
98 42
16 15
43 21
99 32
84 105
40 86
37 44
66 88
94 29
72 100
72 11
18 105
23 16
71 82
47 101
45 8
98 13
79 56
84 58
108 7
138 112
2 51
97 131
122 139
115 114
74 129
138 58
18 115
93 82
26 123
15 107
42 27
5 120
5 122
12 113
64 35
39 119
75 127
84 115
119 63
122 79
70 26
98 18
42 79
91 15
103 79
57 76
87 1
22 66
107 131
64 118
69 17
26 129
63 140
69 5
133 126
85 79
55 14
96 122
123 76
139 127
11 80
119 52
12 107
79 25
19 94
30 47
75 55
77 18
97 27
37 105
67 112
42 108
45 106
60 6
92 54
123 35
60 4
77 107
3 110
28 96
46 126
102 140
89 74
133 24
93 62
43 115
131 47
21 85
39 34
102 64
58 48
5 35
82 74
9 137
8 55
43 94
83 88
12 56
118 136
103 33
4 41
78 129
57 45
87 67
31 41
46 52
16 25
34 51
117 24
11 87
60 46
97 114
95 21
130 112
54 16
69 78
13 44
77 50
49 33
121 127
95 101
105 33
46 43
116 89
37 139
131 36
122 55
133 9
132 61
88 75
77 15
110 11
82 78
7 52
100 101
119 106
136 110
122 120
107 58
22 34
133 85
23 66
125 8
89 108
125 85
139 28
39 82
119 127
33 80
56 100
78 71
100 82
51 44
7 39
70 63
51 13
40 137
48 107
111 103
18 3
73 27
54 66
14 86
90 30
96 115
122 137
167 217
30 132
38 22
76 116
155 69
99 41
39 147
100 89
46 167
140 6
18 78
84 25
137 98
61 126
75 147
1 156
104 160
112 33
83 148
68 146
158 96
21 109
126 40
141 61
10 64
151 113
66 135
8 121
67 28
65 156
43 138
3 44
159 152
37 80
138 59
34 108
4 141
66 167
22 130
69 10
87 57
167 152
23 95
21 31
64 135
167 68
146 159
84 72
28 45
60 35
69 149
131 145
60 63
44 18
150 48
148 20
146 1
160 74
2 31
44 56
143 57
12 19
117 133
60 7
84 13
32 46
33 153
96 78
123 160
20 140
123 68
2 139
137 43
14 13
143 56
65 144
37 85
122 3
132 16
88 120
122 123
50 159
130 17
138 62
142 103
53 64
8 26
146 70
138 6
94 119
113 12
156 144
61 51
105 78
157 166
146 7
132 12
26 20
100 29
146 114
117 159
69 58
143 3
93 99
93 126
44 48
23 62
127 147
132 9
29 40
123 151
142 54
81 137
122 63
14 128
64 92
52 84
82 106
48 23
145 157
32 53
140 135
44 22
75 122
140 34
87 126
14 24
57 117
151 6
2 5
150 112
28 121
135 20
88 8
130 42
12 85
6 128
118 111
51 162
47 107
35 155
106 154
25 6
85 20
35 166
4 11
63 122
104 58
88 11
134 62
24 90
134 12
151 159
126 123
130 158
66 47
148 9
2 21
141 120
34 29
89 156
69 62
57 116
96 141
160 137
138 14
91 28
105 93
134 67
65 88
135 157
67 60
68 61
18 31
149 36
19 90
94 96
37 144
144 157
28 95
47 141
5 11
160 4
105 28
30 46
29 154
121 94
68 2
83 5
15 37
79 58
39 36
165 91
65 87
120 46
115 82
124 95
96 59
44 5
46 131
42 6
104 81
85 91
23 16
24 139
8 91
85 37
13 66
49 122
63 114
150 75
147 64
23 55
94 130
85 75
53 101
112 1
75 124
128 166
53 88
73 43
24 15
2 80
27 39
87 65
128 44
46 84
93 122
94 114
61 124
26 84
30 9
121 56
110 65
23 20
78 75
61 20
93 69
15 105
45 94
89 17
59 74
110 20
125 61
18 45
39 47
97 30
18 23
105 22
43 51
127 119
95 23
101 24
104 60
33 78
124 26
12 10
91 77
37 19
110 30
64 80
109 35
98 76
104 22
28 106
99 48
103 52
108 31
123 81
89 9
71 114
104 52
44 60
117 9
31 51
61 103
36 19
74 42
85 22
88 22
115 118
97 118
97 40
43 104
101 25
84 20
57 45
109 87
73 30
66 60
103 32
34 76
35 15
84 127
98 118
96 63
74 52
16 10
35 45
94 4
21 34
4 2
51 118
79 52
34 40
28 19
40 101
85 112
104 115
106 92
36 49
35 124
22 6
124 9
92 85
33 109
9 70
121 8
102 81
86 10
118 127
76 115
30 94
122 82
100 53
32 57
65 43
61 49
55 83
102 34
119 11
116 32
17 50
114 5
9 117
41 58
126 90
25 125
18 9
74 71
23 72
14 111
49 56
29 81
69 93
126 66
1 29
43 126
6 56
68 52
108 83
14 42
70 76
62 106
17 126
53 15
117 68
100 94
17 118
26 30
76 69
45 22
108 112
127 115
3 54
8 103
105 50
57 62
91 14
77 23
25 108
61 67
108 116
112 70
19 32
36 22
2 74
80 25
40 116
10 41
79 123
72 15
36 72
11 38
15 46
187 243
73 8
104 26
9 180
76 152
46 72
19 94
60 156
71 2
141 117
117 177
62 89
84 63
113 159
87 154
94 176
85 173
150 110
82 33
65 62
16 4
158 90
21 136
72 120
158 132
155 154
59 34
13 160
151 42
149 93
72 6
45 166
165 66
49 178
98 84
173 49
162 32
80 96
6 17
112 47
26 50
152 32
86 124
172 56
187 185
106 83
176 103
98 180
28 78
90 94
53 120
142 48
149 187
132 120
111 79
10 63
99 93
168 28
83 46
144 173
178 107
34 107
170 142
180 157
178 74
17 99
166 160
96 58
40 46
31 94
22 156
95 103
13 112
121 79
170 21
155 146
132 143
139 187
112 46
88 3
54 49
106 18
134 23
37 103
29 184
120 171
12 178
20 70
38 59
128 90
33 5
54 122
138 45
95 144
148 26
186 22
137 184
123 101
104 88
154 159
35 44
109 7
23 15
37 89
49 116
66 102
59 51
66 12
103 124
158 111
158 121
137 107
45 56
99 135
187 36
72 13
155 165
32 186
186 9
131 134
102 104
52 123
142 177
99 150
57 108
185 8
177 180
187 143
128 77
13 168
16 48
110 26
12 105
83 185
86 59
53 51
26 31
75 169
56 40
104 185
176 62
109 65
89 142
70 110
82 115
1 163
151 93
90 13
49 62
146 76
161 121
112 120
100 164
120 170
170 6
64 48
87 51
38 94
135 97
180 102
7 50
183 130
173 159
150 10
162 53
144 91
44 37
32 96
29 109
69 32
172 132
129 31
22 168
5 181
108 55
157 100
111 53
15 20
9 116
21 61
137 51
179 34
151 79
41 29
21 184
92 123
106 15
24 32
119 1
74 138
49 97
180 85
31 179
141 116
39 182
78 103
115 107
66 44
131 52
158 106
136 118
51 99
22 79
110 16
66 112
143 110
70 18
86 133
154 103
172 95
164 118
57 168
152 96
174 27
77 78
142 29
129 122
67 111
83 147
25 109
187 158
183 116
183 172
28 146
113 162
143 147
74 171
147 50
111 181
69 180
45 138
56 136
166 187
75 118
23 47
67 155
21 156
33 168
120 154
54 12
96 79
136 174
48 147
145 109
163 212
55 121
31 158
126 60
117 44
19 77
43 78
56 97
7 10
136 16
97 91
141 115
127 48
90 21
139 15
149 90
105 123
46 106
143 56
15 119
27 64
134 30
126 157
158 71
117 5
53 129
91 80
161 16
35 106
153 125
143 2
60 37
36 108
126 99
155 58
85 90
156 69
19 78
149 33
9 58
78 6
82 62
148 101
13 145
77 104
145 130
9 27
30 139
43 88
163 130
115 60
93 19
24 11
110 58
97 9
46 5
14 67
111 162
152 73
93 62
122 43
145 12
107 95
58 69
144 41
115 144
103 41
54 23
118 4
21 124
113 118
15 26
134 27
129 150
132 5
97 7
101 119
141 54
55 51
96 99
106 4
129 138
6 124
12 135
151 142
3 30
9 30
72 12
149 26
30 19
44 27
10 65
32 8
70 16
41 21
145 86
72 114
79 77
141 86
100 158
14 7
18 152
139 19
158 98
51 148
124 17
61 158
147 120
5 88
5 101
147 36
122 58
125 84
146 155
16 58
76 144
68 23
27 83
126 114
126 30
140 58
135 158
65 68
8 41
50 19
155 95
63 87
3 121
102 83
2 122
26 20
59 29
57 153
68 110
30 15
143 87
4 147
116 78
132 33
150 18
117 18
58 123
11 98
98 72
12 40
147 25
159 89
10 103
99 74
20 63
55 152
129 68
93 2
86 1
130 87
26 8
70 140
7 26
9 83
19 5
146 115
25 9
2 54
129 54
155 75
1 88
73 118
8 58
154 42
18 141
56 98
24 22
17 141
117 89
88 160
90 132
127 107
1 8
97 92
153 87
107 139
71 147
113 130
79 151
104 144
125 6
108 67
77 76
52 36
20 108
52 127
43 156
45 124
110 27
94 63
127 9
8 131
19 63
29 1
18 21
159 114
87 40
100 76
154 119
109 60
34 58
148 138
30 83
25 112
118 114
157 49
93 30
19 9
113 147
64 98
55 109
48 11
31 34
58 56
13 75
60 59
7 32
18 12
82 35
82 19
1 91
19 107
17 5
42 112
29 58
55 51
105 82
66 94
19 80
27 90
44 36
96 74
29 95
6 3
14 40
91 55
24 27
46 65
66 25
25 56
43 9
52 109
58 63
27 91
66 55
70 99
5 14
112 104
67 73
73 84
105 72
30 24
50 91
77 66
20 104
71 91
64 106
76 68
29 86
90 61
93 3
110 82
85 78
107 45
108 61
80 4
37 100
44 40
101 31
21 29
110 93
78 12
103 8
50 33
113 2
52 20
103 9
105 63
14 19
30 40
15 101
80 74
32 52
90 104
85 31
38 55
82 62
84 14
22 17
33 87
100 9
110 49
18 102
25 10
23 35
23 76
48 13
12 20
21 7
11 100
65 91
86 107
24 30
109 11
97 78
109 90
25 58
86 84
42 6
97 41
22 61
67 5
60 91
57 89
64 73
38 64
18 40
44 38
91 19
60 50
77 30
87 3
9 2
16 45
111 64
25 55
104 36
26 19
13 18
18 97
18 26
20 64
94 93
56 63
71 34
72 37
51 7
113 92
52 4
101 62
42 2
86 44
62 44
4 60
88 39
69 15
13 96
24 99
92 91
82 50
108 72
30 29
49 89
101 35
104 44
13 26
143 186
85 96
134 40
48 52
136 124
15 75
11 115
27 127
88 121
54 95
1 136
129 65
74 61
117 26
126 36
7 91
105 58
6 36
13 62
87 96
61 33
36 38
49 131
15 134
111 131
120 51
133 112
107 51
46 61
107 30
86 25
6 47
58 63
29 55
28 18
126 110
29 80
116 104
87 79
67 23
32 120
2 53
55 96
4 55
19 92
66 131
44 84
91 85
75 121
52 16
39 116
92 139
49 54
2 94
35 93
130 129
3 94
13 139
11 47
46 109
58 101
25 74
4 118
73 87
97 36
99 117
73 10
94 35
90 57
76 8
112 24
116 14
32 55
63 50
113 95
9 62
15 57
95 105
75 11
128 74
113 62
87 52
22 23
1 68
41 46
69 141
8 109
26 19
74 30
24 39
56 102
55 99
50 141
29 66
1 27
82 101
81 111
140 101
95 108
103 102
88 42
80 118
17 132
63 93
64 122
11 114
51 2
21 87
141 17
80 114
57 34
17 81
18 115
3 21
142 110
29 126
120 34
99 47
56 108
9 20
70 57
119 65
10 73
57 99
88 59
52 53
5 81
77 39
16 82
57 73
40 120
17 112
124 98
99 64
109 29
123 25
55 136
1 107
47 109
6 1
5 84
11 32
17 29
138 142
18 11
21 129
41 84
123 57
23 20
19 96
11 120
32 37
8 29
24 32
85 72
98 25
143 123
114 64
116 105
61 27
116 93
54 31
87 9
36 125
25 107
25 38
46 77
2 82
33 77
131 56
79 82
25 14
138 55
55 24
15 20
28 22
101 137
130 47
75 97
37 33
8 67
78 100
109 35
55 41
92 16
109 34
136 92
139 181
110 134
51 42
64 127
6 138
2 116
42 46
12 33
69 14
102 92
38 92
12 75
80 105
28 119
132 105
13 29
92 27
128 80
113 1
62 71
36 126
62 105
6 17
111 109
75 55
69 108
94 14
87 2
64 22
84 80
103 49
109 58
24 96
27 41
85 130
72 118
81 95
122 127
127 16
96 131
59 40
48 113
119 138
69 105
53 41
56 115
104 125
2 16
135 72
68 33
38 75
82 36
4 55
17 68
79 76
101 52
130 95
13 123
137 86
79 108
6 103
99 120
73 19
48 117
110 86
26 21
106 91
102 22
4 71
26 133
135 129
22 27
78 55
123 105
132 91
62 83
127 68
54 30
134 16
34 10
37 3
128 43
59 100
107 76
117 10
129 54
97 58
71 114
99 15
17 57
95 52
97 13
105 53
103 62
52 64
25 59
105 92
101 16
109 106
2 107
105 17
54 24
111 43
69 5
17 74
129 67
129 105
1 104
68 35
55 32
25 15
88 73
14 122
24 66
91 97
33 40
45 55
39 130
109 105
128 91
17 120
67 55
37 5
12 70
138 62
121 16
30 87
23 30
76 123
130 19
67 131
18 72
43 112
108 78
83 37
128 17
107 104
103 39
35 81
72 64
68 60
62 93
20 109
58 7
16 80
49 58
124 53
12 78
32 110
80 122
128 74
3 82
13 131
47 55
80 30
32 15
51 90
107 84
44 119
3 80
114 98
39 23
33 10
35 137
75 49
20 127
93 68
68 93
42 12
103 67
128 35
51 25
65 49
74 104
113 30
81 10
7 84
100 97
71 32
133 5
99 35
84 48
172 224
93 16
60 93
24 84
153 76
150 159
105 148
25 127
102 48
139 14
66 81
33 2
148 143
20 108
70 160
167 9
101 146
135 3
12 108
158 32
145 63
105 79
73 129
22 69
123 61
149 164
76 124
66 129
120 21
51 130
4 120
131 30
133 19
128 2
89 103
41 167
118 96
70 126
163 53
96 60
107 150
35 161
76 102
31 55
69 143
149 171
14 102
79 22
162 84
43 112
2 112
83 98
158 77
66 42
169 13
4 133
42 164
70 65
23 76
23 12
111 157
65 88
26 73
69 105
71 107
20 112
165 61
85 158
33 97
48 143
33 21
95 85
154 152
75 125
68 29
123 5
2 162
162 26
172 151
30 96
4 84
40 160
167 36
15 83
65 12
60 146
102 150
104 168
6 8
70 26
102 47
132 105
124 85
69 171
166 84
34 167
92 82
107 92
57 11
9 72
24 31
23 26
89 4
95 49
157 42
167 134
60 169
154 22
78 137
155 166
81 25
30 139
150 25
66 100
86 102
43 25
164 67
157 64
30 141
161 95
151 44
27 115
149 108
45 108
116 91
82 142
122 146
16 131
143 37
71 77
32 3
16 116
105 101
51 73
45 149
84 55
32 134
89 116
107 115
93 33
55 94
47 90
53 82
16 140
64 147
62 33
142 52
58 70
69 114
104 115
29 85
55 144
16 12
67 127
60 21
106 56
76 123
113 55
159 108
113 128
26 65
93 88
77 39
141 62
68 57
58 37
84 51
76 98
126 162
106 5
152 68
132 142
76 65
24 133
31 88
30 5
132 94
153 156
77 71
148 48
46 68
63 143
123 132
50 51
134 39
138 98
150 157
65 143
124 19
29 61
170 39
152 92
22 67
157 2
84 142
19 165
12 67
133 4
7 55
46 89
113 83
71 53
149 109
112 57
157 51
82 157
104 100
155 25
142 61
134 31
122 31
87 75
167 91
159 124
93 137
20 54
172 135
136 17
122 83
2 151
39 33
96 59
105 145
69 16
115 155
120 156
41 116
60 58
44 116
98 111
49 70
87 43
23 71
65 90
5 94
87 93
109 16
62 93
49 84
98 37
37 27
15 64
106 47
32 60
16 114
7 55
5 88
19 73
63 81
62 49
29 55
6 28
49 82
100 89
76 74
41 98
23 114
98 81
80 2
41 52
40 26
70 8
72 99
77 28
18 102
117 92
94 4
31 81
115 59
8 78
17 15
30 31
39 11
40 63
75 25
29 83
24 40
55 31
31 1
88 94
120 119
117 51
46 105
27 99
93 14
47 89
88 29
10 25
13 118
53 77
31 22
21 115
7 53
2 97
42 114
81 86
15 63
69 71
18 39
28 73
43 94
19 31
75 28
16 49
23 43
55 100
46 74
70 43
49 50
46 36
8 35
36 29
77 52
25 16
10 46
88 13
3 78
78 79
25 88
11 71
94 42
76 51
10 86
103 51
72 95
54 42
82 111
46 33
20 57
16 74
23 48
17 61
6 64
37 1
23 60
29 32
9 31
12 22
36 32
119 115
7 8
47 116
55 38
86 88
85 116
17 67
101 88
113 7
46 110
75 13
64 31
66 59
96 59
2 119
18 74
9 117
86 24
74 43
24 107
108 86
82 29
13 87
32 68
41 114
51 95
62 78
73 28
94 57
110 86
73 82
107 83
82 61
89 4
78 4
83 47
52 96
49 44
58 22
22 4
33 67
120 98
101 48
