50
74 111
46 6
10 65
68 64
53 50
42 22
14 21
49 52
67 47
74 70
31 55
21 26
6 12
11 46
40 73
70 33
48 49
9 36
74 17
16 61
63 47
70 58
37 17
66 33
71 57
49 10
32 43
74 31
23 54
5 69
4 52
40 53
38 1
43 56
35 9
29 20
17 56
62 14
69 36
40 25
5 32
55 15
8 28
29 6
34 49
37 51
49 40
46 35
47 70
43 26
22 20
59 51
26 35
14 34
18 53
8 66
68 12
59 27
42 68
19 56
59 21
20 25
50 44
51 4
22 1
53 31
16 47
1 40
58 48
62 23
34 27
53 51
58 26
63 35
70 72
3 48
46 71
3 1
67 21
22 66
62 1
42 17
36 16
33 44
12 50
73 61
37 56
62 74
66 58
73 62
20 74
63 51
48 40
74 66
18 33
74 11
5 1
11 14
34 69
35 29
71 31
1 19
4 51
70 45
40 68
64 46
30 42
45 24
46 45
66 24
3 35
27 67
63 94
38 61
32 56
47 1
2 6
29 34
58 4
51 56
54 44
24 30
47 48
36 40
37 62
7 2
58 60
15 42
56 47
47 52
33 10
63 32
43 5
12 59
23 10
13 45
10 19
51 57
52 40
13 31
32 17
54 63
55 7
6 13
51 50
32 63
18 34
52 16
49 45
56 25
2 51
18 46
22 10
16 35
1 61
22 15
58 19
30 55
4 41
52 50
6 29
47 26
6 22
38 16
60 45
25 31
56 2
32 5
48 17
7 39
23 54
43 53
57 4
30 18
30 51
13 47
37 44
39 41
23 52
3 56
22 38
36 50
50 17
60 19
35 31
10 13
49 50
50 49
27 46
58 59
55 42
49 6
52 59
61 43
54 17
6 2
13 23
62 56
25 24
31 52
5 56
11 18
6 43
63 15
27 3
42 56
42 1
82 123
6 9
34 21
57 77
32 31
8 46
60 44
77 71
19 51
38 15
5 61
9 23
55 37
33 27
10 18
26 58
82 35
81 28
42 82
11 80
9 40
80 18
8 67
53 11
74 56
15 75
21 46
54 26
36 53
67 23
19 55
56 19
82 2
55 45
71 43
64 74
18 15
34 20
25 20
67 43
48 37
53 44
22 21
40 36
58 46
11 33
71 19
77 1
37 81
18 78
1 44
16 67
37 42
65 43
82 48
16 18
15 61
21 49
27 60
63 8
4 23
80 6
34 5
27 34
13 39
75 36
17 21
44 32
61 37
70 36
5 72
25 27
33 3
14 2
81 46
48 33
19 29
30 54
17 74
76 13
42 32
60 41
61 52
15 64
49 6
50 49
60 33
63 12
17 46
23 65
43 47
14 45
30 15
7 54
51 31
41 1
77 74
18 66
16 47
45 26
51 71
46 81
72 74
40 52
16 46
78 56
11 45
38 81
54 61
55 66
33 65
71 61
46 61
32 45
54 2
26 79
10 56
1 2
35 33
38 16
1 68
81 56
74 7
13 73
76 114
50 53
38 2
8 64
8 2
12 11
61 38
33 38
59 25
68 13
69 56
30 36
53 7
31 48
1 56
35 8
25 7
10 28
28 46
49 35
72 3
54 23
25 62
19 50
60 28
12 63
75 56
17 23
45 8
28 44
38 11
25 40
58 43
62 14
28 38
70 76
19 25
36 29
24 56
9 22
24 61
43 52
3 8
20 70
52 10
38 61
42 1
23 72
36 11
35 23
65 39
44 17
30 67
40 38
1 9
5 15
2 43
46 14
43 53
58 66
20 43
72 64
66 38
40 33
63 61
9 76
35 7
73 69
43 19
33 60
31 25
57 67
12 30
70 63
48 50
65 23
6 19
60 76
15 69
29 74
23 8
41 38
8 50
76 42
30 22
41 63
32 5
41 39
2 22
1 29
63 43
72 8
56 66
74 8
39 3
52 12
57 58
21 9
71 32
6 64
69 50
23 42
73 38
28 34
70 43
20 28
60 45
73 6
51 45
15 50
31 54
68 1
44 48
11 35
50 24
93 140
47 32
12 50
13 59
44 70
14 55
63 20
9 32
83 58
45 16
85 81
54 39
19 2
65 79
36 13
65 70
26 24
92 46
66 47
91 27
11 36
51 76
22 74
53 43
52 6
45 46
49 72
5 75
52 57
77 68
12 19
53 10
74 81
9 64
1 3
55 48
1 37
78 90
17 86
19 92
12 78
30 34
62 85
23 41
49 63
89 87
49 34
3 15
6 39
40 28
25 39
81 92
87 3
65 10
17 29
9 20
33 44
71 50
31 33
47 48
47 41
63 93
55 53
20 33
4 50
28 61
10 43
21 40
18 53
83 93
63 77
47 73
16 1
21 26
14 56
88 36
91 66
87 76
55 70
45 9
13 22
27 69
6 1
62 91
39 74
92 33
65 62
66 85
51 55
21 7
54 22
68 57
88 6
15 18
76 8
46 90
17 88
65 73
58 28
54 41
6 57
53 82
59 38
42 88
79 8
81 87
54 3
9 76
85 87
15 16
84 79
88 24
92 47
8 60
14 65
81 39
65 12
9 42
8 9
22 83
82 19
39 31
93 44
49 32
74 59
80 3
12 65
32 39
41 37
81 34
51 90
28 73
3 14
74 79
60 7
68 88
50 62
33 90
25 9
76 63
76 83
61 92
58 50
13 45
57 15
40 41
26 56
9 13
33 41
37 58
16 57
56 52
27 26
14 60
61 17
40 18
17 16
55 51
41 15
10 23
31 4
33 19
15 55
48 47
60 4
1 57
40 52
21 40
35 55
29 40
52 37
29 23
56 14
5 53
14 17
29 22
46 40
8 32
22 26
15 38
47 29
56 19
10 47
13 37
60 58
32 27
52 50
5 10
4 35
36 43
9 30
24 15
3 25
22 18
1 37
26 50
2 53
11 33
43 18
45 16
29 36
20 33
50 53
54 50
42 20
46 13
7 21
41 51
56 10
53 11
41 34
3 30
7 18
28 39
15 41
52 29
41 30
51 56
28 45
38 28
13 18
14 28
12 37
46 33
31 21
42 45
36 53
36 24
34 37
10 43
39 22
35 40
46 55
49 31
90 135
20 26
87 66
62 82
80 17
47 39
12 20
33 1
4 76
21 14
76 49
77 20
87 62
40 90
35 19
48 72
50 47
79 20
10 17
30 54
70 40
51 63
80 61
8 67
80 82
19 68
84 33
24 19
44 7
6 34
25 88
73 82
40 80
72 37
21 60
10 83
20 49
35 75
62 56
89 8
8 6
57 16
85 34
8 23
60 85
44 37
86 41
45 11
43 51
83 45
49 27
57 30
3 90
50 66
34 24
78 6
18 62
8 56
13 14
90 71
16 7
12 38
11 17
2 51
82 89
30 83
87 16
69 66
89 85
57 89
17 51
73 18
33 34
45 10
45 76
76 67
20 79
12 31
84 54
15 26
53 14
28 2
62 22
64 63
74 46
53 18
85 75
13 21
88 87
28 87
34 67
38 37
52 27
84 68
15 19
15 64
37 6
27 70
34 1
1 20
43 11
83 77
80 3
25 11
76 75
59 87
45 72
30 29
17 54
63 56
25 9
56 73
72 86
25 36
39 65
71 51
79 25
24 49
1 88
37 56
42 39
48 38
40 38
35 51
89 23
7 21
7 4
83 30
63 19
57 15
31 45
5 37
67 89
34 45
13 10
60 40
54 81
37 18
39 3
6 12
52 14
35 8
32 10
46 47
38 25
50 8
51 46
48 5
12 14
8 13
41 15
22 47
30 31
7 10
15 50
15 8
46 32
38 2
53 10
40 13
24 49
14 30
45 21
46 48
23 2
22 34
11 18
41 44
42 46
35 2
6 31
6 38
36 3
19 22
4 50
23 42
29 34
24 26
25 5
17 44
5 27
33 35
14 26
1 46
49 22
37 2
21 25
54 48
47 27
31 33
25 30
33 31
32 48
49 28
32 1
31 13
53 26
34 11
11 52
26 8
46 21
5 43
48 46
53 23
1 24
11 15
14 27
35 37
11 48
17 39
39 43
47 11
29 32
39 52
20 11
37 52
21 51
29 39
85 128
47 10
31 9
2 21
75 62
34 24
36 73
27 41
84 74
6 70
5 60
40 62
48 9
84 46
69 54
17 53
63 73
36 72
83 36
32 49
28 29
7 59
26 39
13 44
32 72
59 16
74 70
30 69
60 39
76 82
9 45
44 76
52 14
60 27
14 7
40 34
30 16
24 35
33 32
68 37
4 42
52 57
80 26
66 51
13 59
47 25
46 38
26 70
2 20
19 47
71 11
72 12
57 67
56 3
1 17
23 29
76 63
3 19
84 73
39 60
46 26
22 82
53 84
62 68
71 65
42 6
36 49
65 64
70 16
22 55
83 9
73 65
23 58
80 83
71 56
45 42
31 35
1 49
71 37
49 27
3 14
76 73
51 57
69 80
67 35
5 8
73 14
29 3
7 75
50 27
38 25
23 36
59 72
13 35
62 19
50 36
41 85
12 63
50 60
32 61
38 2
39 4
19 26
18 23
26 53
70 14
53 47
26 4
75 13
77 78
71 12
14 82
35 20
29 70
56 23
11 32
73 40
25 10
83 56
70 34
8 71
42 56
71 39
82 16
70 53
38 22
12 55
37 74
43 26
51 76
34 28
51 32
1 40
17 2
40 48
15 18
47 22
6 34
44 23
51 25
41 17
22 19
25 29
39 42
51 5
34 23
43 2
30 42
17 26
20 47
30 14
44 12
5 10
3 6
4 47
40 29
7 29
14 45
17 13
34 30
4 12
30 22
7 8
32 40
38 46
21 5
34 27
27 24
9 20
38 39
19 47
47 36
25 33
29 22
24 12
13 21
8 31
9 25
26 46
18 13
39 2
5 47
17 51
1 50
36 35
32 45
10 42
14 4
4 28
42 7
25 16
9 5
15 11
12 42
7 39
27 21
2 26
44 9
46 39
25 12
33 6
20 6
4 46
35 42
22 8
17 1
85 128
14 44
60 37
73 58
1 39
14 48
34 80
6 56
47 79
42 43
31 70
11 26
40 67
53 50
14 45
12 14
34 63
3 34
49 11
71 16
79 77
19 82
33 71
56 17
74 55
48 9
16 9
61 36
15 78
16 48
12 63
55 34
4 36
62 64
31 6
49 19
25 31
79 83
5 31
19 59
26 9
19 32
81 48
1 11
84 76
74 77
9 18
15 35
61 50
33 27
38 68
81 72
26 61
43 31
48 38
61 59
70 75
80 81
79 21
74 25
71 56
80 26
65 66
81 34
11 83
9 66
49 65
4 79
62 81
3 65
68 27
10 77
61 66
80 6
23 46
71 55
48 8
4 70
65 45
31 1
28 14
3 16
60 81
3 9
14 3
13 51
44 54
56 20
55 39
1 25
57 33
5 81
65 20
26 49
69 43
23 27
40 15
58 84
18 21
18 59
75 27
11 64
20 21
17 48
20 4
5 18
26 14
9 78
14 53
56 40
23 75
38 66
62 1
28 42
31 57
21 62
30 59
28 24
18 29
32 49
1 19
8 48
62 35
48 19
43 3
51 39
35 43
19 30
69 20
75 112
47 26
11 14
4 40
3 40
68 9
47 21
50 46
33 66
22 30
20 65
57 20
45 20
58 72
48 63
56 29
52 46
58 52
35 34
52 1
31 3
72 1
25 53
36 60
4 70
61 17
15 25
14 19
17 32
24 46
53 56
62 14
42 54
13 33
51 34
51 2
50 42
55 51
14 39
7 34
8 12
45 44
40 29
18 23
72 45
2 47
29 5
12 51
43 51
74 42
57 19
52 70
30 16
50 59
19 4
11 22
41 43
27 32
60 68
15 65
25 9
9 72
69 20
34 67
57 2
9 70
4 12
64 22
41 6
25 51
61 34
30 32
1 49
15 19
4 46
64 37
54 49
1 65
30 22
17 26
14 5
49 36
48 72
9 14
45 59
74 65
30 13
19 20
34 26
59 23
1 15
8 61
16 6
50 12
20 63
64 8
33 42
35 46
9 53
14 44
74 31
75 42
13 23
40 68
11 75
5 28
25 28
21 66
8 48
32 39
37 39
58 12
57 75
92 138
29 67
87 63
49 92
91 59
68 5
76 36
33 47
29 77
37 71
60 51
47 13
62 52
38 4
22 43
4 34
20 91
61 69
83 20
64 16
86 30
47 9
90 24
40 6
36 40
5 70
75 92
83 48
65 15
68 80
44 47
29 46
3 31
23 4
65 22
52 71
56 39
11 65
90 31
45 86
79 39
21 2
61 66
12 57
72 44
33 49
89 62
69 19
81 51
57 14
25 16
27 14
88 87
82 50
27 13
23 15
18 45
73 6
41 66
25 60
80 32
18 8
73 50
47 36
91 64
22 52
72 75
75 16
73 62
38 84
65 59
51 15
33 46
86 75
66 92
50 33
72 46
7 83
37 26
11 86
92 30
76 37
61 8
12 21
66 19
49 73
57 32
88 29
73 8
17 92
61 43
50 29
55 38
82 86
39 20
5 25
71 34
44 38
80 59
30 48
38 37
57 28
40 51
9 42
7 66
15 52
55 3
85 12
28 37
37 81
28 56
36 11
15 36
65 46
51 43
9 84
80 69
24 89
90 10
2 62
18 33
31 22
32 72
40 13
90 57
33 88
65 6
39 31
85 32
22 66
71 70
20 53
73 56
18 41
83 39
60 26
10 73
14 75
75 24
63 94
60 44
10 56
63 22
29 39
42 10
12 27
17 12
62 47
58 57
43 20
2 22
17 50
26 2
14 10
11 58
3 14
42 59
27 26
38 44
50 32
52 57
19 43
54 43
46 54
1 3
61 7
5 20
18 53
18 21
58 55
2 35
30 59
19 55
22 39
10 63
48 47
9 63
52 16
49 45
44 50
59 42
3 45
50 20
37 28
17 31
62 39
28 46
1 12
61 29
25 46
9 26
2 20
21 1
59 23
35 24
45 31
19 41
50 43
59 60
45 44
27 42
59 41
25 7
40 55
22 32
26 12
54 30
56 59
45 15
34 13
12 18
37 9
53 23
22 2
20 3
18 15
54 9
21 61
14 29
38 35
62 32
25 17
47 6
21 51
42 17
50 35
54 23
32 21
63 24
42 7
19 63
61 14
31 10
57 13
96 144
44 40
60 44
13 49
67 28
37 95
64 62
83 60
69 11
64 50
64 23
17 25
12 11
48 66
4 16
70 94
1 51
96 24
44 27
95 91
67 51
5 19
56 31
78 46
22 49
58 49
70 28
4 24
72 81
79 38
11 82
57 38
60 83
34 88
39 74
67 18
72 33
24 64
11 27
41 79
40 5
60 10
93 47
75 39
77 90
57 67
4 3
72 20
55 58
7 46
73 25
39 34
39 62
82 30
66 52
24 20
58 23
7 84
20 46
12 39
34 6
23 51
58 35
92 70
94 16
68 45
49 85
46 77
5 45
66 55
56 59
1 67
90 12
72 42
51 73
65 17
84 95
43 26
95 24
50 83
23 71
88 53
5 59
93 6
53 91
63 32
26 49
65 38
63 20
81 49
24 94
16 39
87 79
49 40
74 25
65 25
61 11
17 50
68 46
85 40
70 77
42 47
48 28
24 39
79 69
67 16
87 94
23 40
62 16
93 14
53 64
68 76
64 41
53 61
89 70
95 86
3 86
1 80
67 42
4 27
50 1
25 3
1 88
48 88
17 12
90 68
73 19
26 5
92 54
84 40
34 61
90 92
58 42
55 18
57 89
6 30
22 8
38 51
68 96
38 72
73 71
68 61
74 79
39 82
5 14
51 76
6 49
34 2
4 28
35 3
43 13
49 34
46 14
42 11
22 43
31 9
27 48
17 34
5 27
10 32
34 18
35 40
28 21
38 1
48 25
28 34
29 3
37 12
38 39
1 18
30 31
28 36
38 7
37 14
13 21
11 32
49 8
50 35
3 9
39 43
1 37
45 47
26 10
18 21
8 46
13 1
37 5
22 9
43 3
47 51
3 14
46 23
13 44
33 5
5 45
43 5
14 34
47 11
2 34
1 10
38 29
3 37
27 50
34 20
8 16
13 18
39 31
20 49
45 40
49 43
29 33
2 4
41 32
37 9
43 7
48 46
18 41
47 10
34 12
24 20
10 38
35 11
74 111
15 24
28 66
28 17
15 72
48 57
50 23
50 33
67 23
19 59
7 4
10 58
38 10
27 57
41 42
58 42
32 35
28 4
56 24
1 57
36 5
3 46
15 20
61 59
40 21
25 36
39 15
3 59
54 43
52 66
32 48
20 71
43 56
21 1
51 8
53 45
64 63
48 55
73 5
30 71
24 65
18 35
66 37
64 5
63 4
57 60
57 17
11 63
69 59
49 4
45 24
20 47
53 2
60 3
10 42
11 64
8 36
5 42
17 16
18 51
18 68
11 16
30 15
27 8
49 2
9 39
45 28
51 29
2 4
24 26
74 16
37 36
56 25
64 4
43 67
64 67
43 20
24 40
72 30
48 32
33 69
60 67
74 23
64 2
54 26
26 29
11 39
41 5
26 6
71 56
34 22
33 23
69 52
68 1
22 31
24 61
41 7
62 31
29 54
66 38
28 60
29 37
66 41
47 44
36 8
36 23
50 28
5 41
54 14
17 13
32 52
35 62
76 114
55 52
63 61
67 33
51 74
59 56
75 69
28 48
15 17
63 42
72 65
21 57
37 47
33 50
47 70
25 49
75 37
59 9
24 48
25 10
8 15
62 30
24 71
32 25
21 58
75 26
52 17
45 54
11 75
30 25
5 32
8 42
68 21
63 1
62 31
73 26
26 43
5 50
27 76
38 14
3 34
56 73
14 72
26 35
16 22
75 43
55 50
72 42
71 58
21 45
7 20
71 59
31 28
23 24
33 29
23 27
42 61
61 23
28 18
44 45
40 76
51 69
48 24
51 5
16 62
36 37
42 5
39 15
48 51
43 33
6 34
28 2
55 32
66 73
62 48
52 63
11 58
25 41
60 55
52 27
72 36
57 13
74 25
66 59
49 62
54 27
38 3
43 50
32 57
72 30
69 4
29 6
71 8
7 64
46 35
11 38
30 38
17 75
61 71
38 61
13 39
60 73
53 25
7 53
56 18
44 33
4 68
5 23
8 48
1 35
26 64
1 15
15 72
68 43
42 59
98 147
4 83
93 41
44 74
10 9
15 59
33 42
18 32
4 1
60 57
62 46
83 98
45 63
55 71
79 33
83 47
85 3
36 3
44 20
82 98
39 5
31 50
82 40
85 50
84 42
42 26
63 65
65 76
45 66
83 55
54 51
11 73
90 71
36 14
45 94
34 49
82 3
30 4
20 62
48 29
30 93
92 31
71 79
15 25
82 91
72 5
2 78
20 52
64 55
15 89
73 5
76 70
77 74
23 30
80 21
9 36
78 70
61 32
44 9
40 82
48 33
41 98
10 78
15 23
73 3
69 26
9 1
56 75
2 61
54 80
71 25
7 30
53 13
6 37
1 62
66 61
95 88
73 74
51 31
25 48
11 40
48 71
37 94
24 33
19 82
87 81
41 77
43 86
49 81
92 16
85 70
33 30
72 57
19 98
76 84
22 11
82 86
49 90
65 39
78 83
35 56
97 62
64 68
64 10
5 69
62 32
37 40
80 49
66 60
86 3
90 21
69 65
48 70
64 38
51 1
6 7
31 61
40 29
44 91
73 18
96 87
84 67
79 45
15 78
68 3
29 43
13 75
68 35
45 50
2 88
59 89
36 81
13 63
10 86
50 67
52 21
57 81
82 63
57 96
71 10
25 9
9 94
63 35
25 79
24 57
12 64
85 96
97 64
69 104
68 1
2 45
46 45
55 53
25 15
50 22
60 39
5 67
36 67
32 29
55 8
31 29
19 61
14 3
40 29
26 44
10 50
43 9
39 17
33 68
6 1
18 63
35 21
63 62
10 7
36 10
13 5
47 34
40 27
41 62
18 13
18 59
22 62
11 63
3 41
34 64
18 23
29 25
39 64
1 50
11 33
59 48
3 56
59 10
67 45
44 35
65 14
51 68
52 27
12 29
69 41
16 2
67 26
22 49
38 55
7 66
8 32
6 26
23 3
49 47
65 15
44 40
35 14
64 60
57 45
39 15
31 59
44 51
59 18
16 11
53 18
52 65
67 32
54 45
17 40
7 26
25 51
50 69
38 66
68 65
10 23
20 62
38 39
46 41
62 1
34 66
49 68
10 31
32 18
22 37
31 21
44 18
60 22
15 45
51 39
59 14
10 12
54 61
36 2
7 48
38 48
10 19
20 14
64 48
98 147
34 84
22 4
65 3
69 15
39 97
3 72
61 83
80 46
52 95
85 46
62 48
97 70
44 36
21 90
57 46
1 20
77 81
24 63
49 61
71 87
43 98
15 23
84 4
36 96
3 87
50 36
14 33
43 72
66 49
65 23
30 49
25 59
54 72
73 6
20 56
32 22
28 24
40 69
80 75
28 11
32 95
20 49
46 97
29 67
28 40
12 56
69 22
28 50
55 6
31 92
21 24
22 25
37 46
39 44
89 20
61 56
54 33
92 42
85 32
27 2
97 50
13 40
32 88
63 98
56 84
83 68
63 28
40 24
86 69
90 95
87 98
23 10
3 26
45 70
14 46
97 82
23 24
53 75
53 67
87 50
86 72
41 54
84 69
10 60
40 2
91 23
63 62
32 97
92 95
36 79
6 34
10 47
58 78
14 26
43 40
6 60
97 22
85 72
49 97
75 48
85 10
48 50
13 65
32 17
29 91
94 20
77 31
84 89
44 3
13 76
9 68
28 46
54 45
23 63
5 81
35 41
28 76
73 51
88 20
42 85
34 20
66 95
22 51
87 25
75 86
34 75
87 18
58 94
90 18
20 96
40 90
62 52
64 85
10 65
89 68
8 96
95 16
29 52
67 87
94 55
39 80
28 68
7 74
68 13
2 93
17 52
47 62
87 130
66 38
12 27
73 8
24 18
85 68
10 36
23 85
45 1
28 78
82 32
3 87
13 74
14 47
19 44
38 46
9 41
76 16
76 7
48 9
46 80
10 17
48 38
41 51
45 38
77 19
66 42
84 43
9 27
31 3
29 34
83 49
15 33
17 82
66 75
23 43
47 75
33 74
25 27
27 78
39 11
34 38
65 58
21 4
72 47
50 43
47 85
47 32
22 21
8 29
7 49
11 80
87 43
40 82
78 84
58 55
40 83
77 46
70 69
4 19
85 78
35 55
63 56
66 52
16 48
38 55
12 28
40 20
37 36
31 8
45 36
77 56
14 41
58 18
31 51
37 69
75 37
78 82
86 79
62 48
79 43
43 13
43 55
2 37
11 45
1 28
26 50
9 37
14 61
55 28
45 2
64 40
43 62
18 20
42 38
49 20
7 17
65 74
42 32
78 35
66 74
64 70
63 59
29 31
22 6
76 79
46 62
66 21
68 10
2 61
31 79
59 68
23 44
34 83
58 24
53 36
55 61
56 17
79 34
19 20
25 29
44 83
50 23
5 86
10 51
43 63
18 3
41 82
70 33
36 7
71 70
85 128
82 17
60 63
75 1
55 20
13 58
81 2
76 38
3 48
44 69
50 9
31 51
40 46
60 40
69 50
59 28
7 85
56 77
35 25
71 6
38 63
7 41
82 39
63 50
80 34
65 1
30 60
60 47
38 53
80 6
12 16
46 23
59 80
59 78
50 24
70 49
28 74
37 65
53 45
83 76
73 56
61 62
66 62
14 22
85 80
5 42
77 6
29 70
9 76
19 6
47 26
65 39
38 15
45 41
22 11
62 40
52 26
30 10
77 50
13 61
48 75
8 28
69 9
13 8
65 16
24 25
34 26
20 34
20 24
74 7
67 6
76 52
41 72
46 11
24 48
13 63
52 83
43 58
64 76
47 33
57 19
33 41
44 31
29 68
31 62
11 75
10 26
43 42
7 35
19 26
43 12
4 40
37 81
4 69
70 73
26 22
69 47
58 80
18 73
16 70
44 12
13 15
59 5
51 74
4 21
72 62
68 60
59 44
5 25
15 76
42 75
72 58
56 76
51 45
46 16
23 58
74 23
19 5
53 37
39 41
16 8
68 81
50 36
11 32
7 4
39 13
46 12
53 76
3 83
53 80
16 27
3 1
14 45
6 13
9 11
11 21
34 11
14 13
5 51
8 21
11 42
46 19
51 35
48 27
11 38
28 18
38 18
14 49
7 16
46 40
34 14
48 28
40 30
35 15
36 38
10 50
52 3
3 46
20 26
43 44
29 50
43 9
41 5
17 2
38 37
36 3
40 29
34 22
10 28
32 23
8 43
11 34
27 19
27 31
48 19
3 28
32 45
20 8
21 25
30 52
46 41
40 3
33 20
5 15
19 4
52 9
33 3
17 7
37 34
40 21
50 36
39 52
18 45
50 38
42 36
18 32
41 24
2 39
5 13
39 2
31 13
27 49
49 35
35 21
10 51
16 22
17 27
38 6
27 11
39 17
82 123
50 8
78 5
6 13
15 1
31 46
2 60
32 17
65 80
51 28
66 32
82 37
72 25
42 32
64 68
56 59
26 51
82 68
11 61
17 41
73 41
80 3
58 16
63 79
26 62
42 10
15 72
22 68
23 16
53 27
22 4
60 56
82 17
14 68
5 9
8 78
64 65
19 2
34 16
33 67
40 70
49 65
31 29
26 66
37 36
68 53
5 53
25 9
49 55
64 41
77 51
45 16
13 64
35 65
28 67
11 17
15 67
2 40
81 53
10 25
16 64
31 56
66 71
63 71
38 58
73 61
16 10
37 53
68 35
42 73
20 17
70 51
13 17
76 35
82 50
45 29
72 71
46 70
26 47
52 57
46 82
24 1
17 59
16 37
63 30
51 40
10 3
1 62
21 3
36 9
52 81
80 34
65 43
31 53
74 18
34 7
61 62
80 42
38 37
77 49
70 4
29 71
7 2
46 79
36 60
58 78
10 50
21 51
33 1
8 2
28 24
7 55
42 8
46 68
66 38
55 73
38 64
57 37
11 60
77 18
68 5
11 78
76 70
39 62
100 150
81 50
38 92
85 1
63 84
25 26
55 22
48 31
17 32
43 93
25 73
63 39
23 73
79 87
81 24
16 35
9 84
19 83
82 75
67 95
98 64
71 84
91 2
44 38
16 56
85 30
9 55
33 4
12 30
30 52
68 48
24 37
42 65
35 94
72 70
96 22
83 6
27 17
98 31
62 88
62 54
58 22
81 74
35 44
64 38
29 24
70 51
52 24
18 99
18 90
79 25
27 67
37 57
33 88
33 65
3 2
74 61
79 12
21 39
30 56
24 29
93 10
39 90
85 28
9 37
21 38
53 86
19 46
44 5
5 70
11 93
89 47
17 41
19 96
86 52
97 66
38 28
46 35
34 25
32 47
94 49
55 25
44 61
70 89
4 46
81 58
39 48
32 50
6 41
9 62
10 21
89 62
70 40
94 96
9 16
11 38
7 35
98 59
15 69
99 21
63 49
44 22
74 63
14 98
61 90
88 57
74 23
69 35
26 100
19 60
10 81
92 26
84 75
60 62
84 1
5 95
85 86
45 19
57 11
42 79
72 60
71 17
71 7
43 100
60 77
34 31
56 42
77 72
33 46
53 96
69 99
38 59
11 99
8 41
54 75
91 35
40 9
55 49
42 83
94 50
48 44
43 88
96 81
67 87
1 21
69 5
37 50
24 79
36 98
77 12
67 86
74 111
54 23
2 7
18 8
39 54
68 21
54 26
28 2
69 40
66 29
26 16
10 36
23 40
56 38
49 71
7 48
55 39
60 51
41 74
15 12
4 16
25 30
32 52
65 19
7 50
23 24
22 33
25 55
5 68
50 16
32 27
44 13
59 13
51 5
67 63
6 50
15 48
23 41
49 52
61 41
18 32
21 16
55 3
69 56
71 39
62 6
5 62
68 15
7 46
13 68
24 13
72 6
6 16
48 65
61 68
21 44
11 6
3 46
7 66
56 24
65 74
65 69
35 40
17 59
23 34
36 41
45 31
50 33
19 68
40 41
45 67
26 66
62 67
50 15
26 19
33 52
66 46
15 71
65 17
36 51
48 74
35 14
43 71
34 15
39 24
39 30
16 67
3 38
53 8
11 21
12 44
20 13
40 16
48 57
63 57
2 11
40 44
41 14
72 18
53 67
41 60
73 14
70 3
64 50
20 34
72 26
55 6
11 42
29 54
29 49
20 57
55 12
90 135
29 58
12 79
33 82
80 5
61 18
34 40
4 79
34 57
22 88
31 69
47 29
36 48
42 18
87 24
79 50
30 19
47 84
46 59
3 19
35 68
53 72
24 70
26 23
10 62
36 13
47 20
19 85
80 84
4 24
10 79
52 39
37 28
11 10
59 57
5 78
44 81
89 22
29 16
14 30
10 39
48 34
61 60
26 55
68 41
51 42
23 90
27 88
12 7
46 30
61 9
76 32
33 77
32 43
65 69
16 71
83 15
5 64
48 55
28 32
48 9
31 79
89 7
15 12
8 76
7 64
37 27
83 21
48 14
32 37
78 21
84 65
81 48
15 31
82 10
40 63
67 68
60 67
73 59
27 68
61 27
14 44
87 40
59 51
17 9
16 65
27 49
27 10
64 32
46 11
90 8
13 42
41 49
18 17
24 69
40 52
61 48
2 28
60 10
62 70
33 27
68 69
12 24
8 48
44 48
69 35
10 69
70 54
59 45
21 25
13 28
33 17
84 89
6 43
88 89
81 64
56 76
16 18
82 21
79 56
73 9
72 81
65 79
2 68
39 20
79 16
19 2
28 3
5 26
8 26
52 74
79 18
82 90
27 32
66 26
12 78
98 147
96 94
77 85
92 6
97 44
87 50
91 18
66 77
96 82
79 22
20 51
51 6
17 68
46 85
83 75
96 23
70 21
90 11
5 36
64 67
22 17
67 65
91 71
47 44
84 78
39 6
37 76
68 23
77 46
51 83
40 64
45 4
23 28
42 8
67 41
6 18
67 77
22 3
50 47
26 63
14 94
25 86
18 28
57 37
15 23
5 61
75 93
7 76
43 22
78 72
42 1
87 78
89 61
73 95
84 53
16 96
30 52
36 68
46 68
61 98
23 5
67 31
93 37
2 45
77 74
21 89
77 43
33 45
92 66
30 9
2 29
7 32
66 26
93 62
47 85
15 17
8 3
72 97
5 78
3 69
58 82
26 28
23 79
81 16
12 61
29 1
43 69
16 21
50 45
56 47
8 95
20 18
15 5
40 51
53 44
55 21
52 35
31 13
37 32
47 86
64 34
16 1
21 87
9 70
30 80
98 49
61 10
40 84
80 85
16 62
24 54
62 88
43 34
96 52
60 34
82 56
78 94
9 74
3 26
63 72
44 2
27 77
40 87
65 15
7 24
23 48
33 58
28 47
71 87
54 38
15 8
20 39
29 46
51 76
84 57
59 19
98 52
69 21
61 56
82 69
73 40
19 69
96 98
1 81
86 7
6 10
61 49
94 17
52 78
43 41
4 34
24 16
12 50
48 37
46 37
28 22
45 12
9 2
35 41
6 11
52 41
21 1
38 15
11 16
3 16
19 22
15 31
14 32
39 5
26 36
48 11
44 4
48 26
29 28
26 2
26 6
14 39
49 24
35 9
12 45
48 43
5 9
8 46
46 18
26 16
50 33
41 7
23 2
41 48
7 8
39 40
35 38
4 50
36 30
3 23
27 35
47 30
19 7
49 34
22 41
41 10
6 9
19 26
16 15
7 46
21 3
4 51
43 42
23 11
45 47
17 32
6 35
24 25
21 50
9 50
13 52
21 9
40 2
18 11
20 50
2 9
33 34
26 24
51 35
2 32
42 12
13 24
62 93
44 12
52 17
20 61
55 18
61 29
42 35
50 17
52 38
52 48
23 37
33 27
30 37
47 62
48 33
39 7
40 25
25 42
29 50
62 21
2 35
57 61
14 7
44 31
46 43
31 51
5 41
12 21
16 29
11 49
46 18
50 56
48 26
32 37
47 8
4 21
55 14
35 17
34 25
40 29
3 56
37 50
48 36
34 38
33 31
60 56
10 24
20 25
9 37
13 20
33 46
58 42
14 62
19 26
56 58
60 44
42 12
56 29
51 18
34 14
58 41
31 24
23 48
37 29
37 57
54 29
34 30
61 14
23 1
29 28
5 21
6 9
7 36
48 30
45 7
16 4
61 1
57 37
53 45
14 33
18 47
53 30
44 36
39 33
50 41
59 43
56 38
9 33
1 41
26 57
15 30
33 36
33 49
9 27
81 122
75 12
15 75
4 50
1 79
32 80
73 42
77 43
62 71
17 18
65 73
63 65
45 28
17 62
11 10
32 13
37 61
53 3
10 56
81 7
70 19
9 75
77 29
73 37
49 37
24 30
44 57
26 65
17 8
25 37
23 34
24 1
29 60
54 6
13 76
5 51
1 75
59 12
27 16
30 45
18 72
52 65
32 72
39 47
27 21
47 77
36 20
81 32
33 63
64 20
11 80
72 30
16 78
29 76
23 12
73 65
45 13
53 66
68 12
65 69
53 50
11 19
63 72
72 1
50 30
50 20
70 12
30 41
69 15
3 75
77 49
46 35
28 12
79 23
2 42
19 29
55 11
43 11
4 37
49 51
10 70
60 79
79 81
20 13
38 61
73 1
43 70
33 18
13 16
17 7
26 70
47 7
32 36
55 49
6 4
51 27
33 72
59 42
3 55
26 43
50 72
36 65
13 8
58 15
8 9
32 37
41 64
29 20
12 73
40 21
33 22
80 16
68 30
23 49
72 63
61 41
47 29
77 31
72 31
28 18
35 45
11 34
24 81
96 144
65 3
28 20
5 40
54 72
27 79
13 93
89 1
8 36
62 81
65 18
59 17
31 14
56 25
80 75
22 23
82 27
6 89
4 35
8 35
63 62
44 94
31 38
70 34
49 93
60 59
90 82
35 94
80 59
17 58
84 79
32 6
45 89
22 15
58 96
96 62
12 72
27 23
39 38
82 47
68 20
17 70
15 3
49 73
83 80
21 38
3 11
71 35
68 74
86 54
34 8
28 75
38 66
56 58
60 49
70 22
55 37
51 94
64 51
76 7
61 50
88 7
73 96
66 81
43 66
25 17
88 72
36 62
36 4
35 32
42 45
25 79
92 66
9 45
80 41
42 5
84 7
11 57
11 23
50 28
33 75
21 36
95 89
94 92
11 40
7 49
92 26
44 61
45 14
55 19
4 88
61 69
45 63
90 64
85 5
42 66
91 10
76 21
68 45
92 34
39 55
91 89
87 25
11 84
7 23
8 41
61 11
85 36
15 6
66 74
64 22
21 71
70 14
63 69
96 74
8 9
6 92
61 15
6 96
96 43
35 36
92 82
90 7
39 47
65 29
24 95
27 60
82 53
52 50
38 18
82 69
20 58
70 53
27 45
92 3
41 53
87 20
15 79
90 69
15 89
46 40
67 65
87 56
54 18
69 8
81 122
36 27
76 35
65 20
9 25
14 12
25 79
17 4
57 37
17 2
65 14
16 29
51 25
8 46
17 36
16 15
31 50
41 62
80 3
16 74
60 63
69 41
62 66
13 59
38 70
62 16
74 59
13 62
11 61
11 60
75 51
19 63
46 28
29 65
58 11
77 46
62 78
15 47
35 2
76 80
33 50
55 49
50 24
42 66
10 33
31 45
53 81
74 58
49 59
20 31
56 38
27 25
30 9
48 22
26 78
65 22
11 3
21 42
33 13
28 57
44 49
35 29
69 18
29 47
8 69
67 29
79 65
63 7
45 17
21 3
62 12
34 54
32 7
69 74
52 14
75 52
15 65
6 31
44 23
59 44
30 32
37 2
54 12
78 15
51 21
22 5
80 34
13 9
45 50
72 20
80 70
60 76
57 17
16 17
17 8
65 63
20 12
28 67
22 35
51 63
44 33
23 37
45 15
20 11
70 57
64 19
25 44
57 30
33 62
1 38
6 76
20 43
64 68
49 13
28 48
11 25
68 6
7 1
72 26
26 60
15 31
50 57
81 71
86 129
1 71
9 14
37 10
16 82
60 21
71 62
74 36
6 1
52 23
35 86
70 43
31 1
35 38
83 74
61 54
86 9
51 84
34 53
56 34
59 67
38 75
9 35
38 62
52 59
51 62
30 10
82 80
4 49
75 17
62 45
78 80
6 67
56 38
18 25
56 66
84 67
67 37
37 35
73 44
32 34
79 61
63 84
17 18
47 80
19 81
45 51
67 41
15 49
72 71
8 42
48 26
18 22
34 60
83 75
82 5
78 70
34 42
77 71
19 83
30 51
11 41
38 50
85 77
3 49
42 13
51 14
48 53
3 41
51 1
25 13
58 65
86 57
80 51
67 43
33 23
48 58
75 51
49 56
6 9
70 10
42 78
59 4
86 38
40 64
48 1
2 42
12 54
82 27
60 31
55 17
78 64
83 51
71 30
86 85
66 56
24 82
14 50
57 40
40 51
23 86
50 75
42 2
55 45
31 65
34 63
72 21
72 78
68 30
73 33
68 66
37 58
68 36
33 85
75 42
11 16
75 29
85 47
35 73
81 55
74 5
75 3
10 16
54 34
35 80
29 25
36 86
51 57
26 80
69 42
67 100
44 21
39 62
31 12
45 13
23 65
65 49
63 65
6 36
31 1
28 52
50 40
61 58
10 53
30 60
36 55
37 12
42 26
26 2
20 18
34 5
14 30
44 28
57 66
58 26
7 29
64 50
36 13
27 38
49 15
37 36
13 3
54 17
16 1
45 18
62 8
9 45
11 48
67 60
63 33
2 53
62 32
60 34
6 26
35 1
56 58
13 28
22 45
38 20
28 31
51 23
16 37
3 9
7 48
60 20
63 34
62 13
34 39
40 60
51 38
25 33
24 17
44 8
15 34
23 12
20 3
9 18
59 35
39 53
44 65
64 7
20 27
55 26
4 2
57 17
34 12
2 39
7 11
12 2
14 59
8 45
65 56
16 25
6 63
21 24
16 38
5 9
13 21
21 26
58 41
6 21
39 57
50 9
60 49
28 38
3 40
13 51
52 13
20 34
3 61
24 9
81 122
75 55
26 25
39 63
69 2
55 18
74 24
33 52
3 14
1 77
14 74
2 19
5 38
22 58
61 23
56 52
74 38
11 57
18 61
27 81
79 9
9 6
34 38
9 80
78 56
43 60
78 32
24 35
68 75
19 77
70 61
56 40
2 79
71 21
52 5
45 30
27 25
81 4
17 15
2 8
66 14
13 33
38 22
14 56
44 20
60 1
13 63
16 2
32 22
32 23
17 21
58 68
48 43
57 51
78 68
76 1
74 3
25 23
25 63
33 80
35 58
48 78
40 63
17 46
44 16
69 4
13 12
50 65
5 42
67 31
49 31
44 72
4 12
58 66
57 23
39 34
20 9
46 71
64 69
71 50
19 20
48 23
10 43
43 19
53 60
62 23
23 58
28 72
15 45
80 78
43 65
43 68
29 55
10 74
71 8
8 6
70 31
49 37
2 58
11 23
62 81
16 31
28 8
9 10
12 9
17 63
69 78
41 65
64 27
59 19
56 18
45 79
4 79
25 35
54 66
38 55
9 64
25 31
54 27
49 15
73 54
6 10
27 9
98 147
21 6
51 23
65 61
31 61
9 35
17 92
25 49
16 82
14 72
10 52
34 22
75 92
7 38
17 88
46 28
45 68
48 84
68 73
25 9
68 31
11 14
40 60
87 24
98 30
26 52
12 73
22 8
56 86
6 72
37 46
87 60
78 81
34 54
6 68
32 6
8 70
92 47
30 20
74 54
78 51
89 74
48 44
50 38
34 77
53 7
90 87
51 96
48 73
48 86
45 19
26 90
38 21
4 64
81 26
25 85
66 56
42 33
82 17
82 27
15 10
1 66
21 38
52 87
44 81
70 88
3 67
16 70
48 19
70 82
86 54
69 71
17 65
63 48
47 7
13 21
28 94
13 86
87 61
30 46
68 3
94 75
39 24
36 26
53 67
80 78
61 49
92 51
51 34
62 91
69 87
33 81
80 18
77 53
79 22
88 85
43 23
51 94
22 13
53 18
98 3
83 28
35 29
36 5
43 31
53 61
95 7
45 57
41 84
96 84
31 84
92 78
83 48
46 36
57 68
21 15
20 7
62 70
34 69
27 31
59 31
66 20
91 19
9 6
15 70
42 40
18 51
91 20
91 50
36 20
47 5
90 10
36 73
65 60
31 35
26 3
62 18
92 37
94 41
86 1
23 7
77 94
10 32
71 8
73 1
89 30
55 38
57 51
56 84
20 8
30 37
28 23
20 45
17 25
34 47
1 2
8 24
51 28
8 16
41 4
46 2
9 46
36 25
37 46
6 7
1 32
15 51
45 29
54 10
10 20
34 12
51 38
16 51
49 16
39 7
31 19
1 13
32 31
42 7
53 55
36 15
53 27
37 55
55 27
11 37
14 21
6 50
22 15
15 26
5 42
52 45
28 44
8 36
18 38
18 46
12 48
14 5
34 49
45 49
33 51
31 10
20 26
15 56
27 52
6 15
6 2
6 54
43 54
21 9
16 56
39 27
39 37
54 50
36 54
49 15
35 22
34 38
54 43
35 15
6 26
24 30
16 27
21 42
34 46
32 17
45 54
19 8
43 1
14 45
26 51
24 53
14 50
39 10
75 112
38 29
11 70
62 19
54 26
9 63
2 34
27 49
65 73
16 8
69 29
48 12
63 72
54 52
19 4
42 21
73 3
5 3
16 30
18 63
68 3
5 33
19 17
16 11
35 70
16 61
37 31
31 14
50 52
33 61
9 39
19 7
13 7
57 75
53 55
60 70
9 26
22 48
25 74
29 16
66 45
41 54
8 44
40 48
75 63
63 8
64 75
16 65
50 17
40 34
42 74
11 32
66 19
75 52
4 33
10 65
26 64
8 21
1 15
47 36
74 21
53 37
14 18
45 59
57 38
67 47
63 37
53 35
65 15
61 46
75 24
46 2
5 18
25 17
21 51
73 21
60 56
58 57
64 46
59 22
47 66
55 43
67 13
61 3
37 46
65 67
47 7
37 35
23 24
28 12
46 28
10 32
53 34
32 9
24 3
45 31
48 56
28 36
48 41
1 65
43 20
54 18
12 14
71 56
28 72
26 10
18 49
17 31
40 8
45 2
49 65
24 74
18 27
83 124
80 35
62 12
7 76
77 68
55 58
46 79
1 57
67 40
14 73
48 62
37 22
82 57
50 18
67 44
22 66
30 32
47 37
13 66
6 8
31 76
53 9
52 59
64 5
22 19
11 25
31 18
39 31
44 33
41 64
80 18
14 58
41 24
12 70
53 41
81 61
79 54
72 46
49 32
6 38
83 27
4 28
18 24
5 37
22 75
83 13
18 81
41 62
43 63
64 65
21 75
23 5
53 42
48 13
25 30
7 27
19 13
23 34
71 17
83 64
74 19
34 49
17 12
59 27
6 33
33 54
9 53
21 48
52 5
56 82
65 64
9 81
6 59
20 81
19 22
71 67
51 39
31 62
44 68
32 23
63 51
6 53
67 62
62 56
54 55
38 57
31 66
26 77
25 46
76 44
35 55
21 38
29 41
59 17
14 82
17 40
2 76
29 31
24 75
64 10
19 38
46 32
72 45
13 17
62 43
65 83
67 37
66 64
76 1
79 74
2 73
5 23
82 73
33 51
76 27
76 56
17 83
62 15
33 76
8 81
1 62
4 77
56 35
82 51
30 9
59 88
24 58
41 24
47 4
55 49
53 20
49 28
10 48
25 33
55 20
32 33
54 11
4 24
39 26
42 9
45 49
12 38
56 8
7 11
2 41
22 46
22 9
57 23
59 31
20 22
25 11
51 53
53 12
23 30
15 58
1 33
12 42
8 2
1 58
24 48
20 55
58 8
26 19
30 25
37 2
15 56
17 41
10 51
41 29
13 11
55 24
2 49
9 15
7 18
20 13
53 25
46 51
4 42
58 2
55 3
50 7
13 48
47 14
27 18
32 26
20 18
1 6
54 15
40 33
5 13
10 33
49 51
56 9
21 41
9 8
56 59
5 36
2 14
34 39
44 41
36 21
44 12
39 29
25 16
59 44
14 33
55 30
18 37
7 4
35 15
23 3
58 1
57 33
10 37
100 150
92 17
11 42
60 43
66 90
15 14
24 41
2 48
51 13
83 38
57 18
89 31
68 96
1 98
51 8
52 75
71 48
36 63
78 48
50 88
61 46
78 34
52 49
14 88
56 62
73 81
56 68
99 74
6 89
76 43
56 30
78 65
72 31
37 81
68 80
13 11
20 58
79 4
46 92
40 68
74 86
83 69
9 38
18 33
1 45
83 16
99 23
22 95
23 41
36 14
67 72
8 56
24 86
15 57
6 5
77 65
32 52
34 48
53 90
36 45
78 3
79 11
65 70
86 31
85 25
14 38
53 56
78 26
74 72
36 89
52 69
50 82
71 44
17 16
6 81
3 25
88 19
47 65
97 35
87 57
10 16
47 43
78 40
48 94
39 9
87 59
57 80
33 99
99 77
70 44
35 14
27 94
7 22
41 7
34 15
53 4
15 97
49 26
8 82
19 63
44 27
88 96
80 1
4 44
16 6
87 92
36 60
90 46
77 30
12 29
95 20
81 20
54 43
66 29
63 28
19 89
19 55
73 95
55 48
95 96
36 9
2 41
16 35
65 4
35 52
54 26
94 47
80 75
10 34
12 50
45 25
73 43
1 31
33 79
31 85
8 86
85 5
82 80
11 78
8 55
22 32
73 57
77 50
98 34
5 95
9 39
99 20
25 70
46 10
41 62
59 32
55 82
36 42
25 28
43 47
15 25
32 43
23 46
5 17
14 16
8 48
47 17
46 47
8 29
50 24
32 21
51 46
41 34
40 38
6 23
5 22
53 18
10 52
19 31
16 38
26 19
54 50
52 21
34 38
23 52
53 24
20 18
15 3
23 28
8 17
41 45
22 10
10 33
23 15
13 53
22 40
38 16
13 41
33 40
30 55
18 55
16 26
41 10
33 49
40 2
54 14
21 46
25 32
15 26
23 17
33 8
34 30
32 26
35 42
4 12
11 38
54 8
45 32
41 32
21 37
23 7
31 49
1 36
27 12
43 6
30 51
41 35
22 20
1 49
27 33
36 46
51 55
12 27
38 6
20 37
53 27
20 29
26 43
47 40
62 93
32 1
19 55
21 43
53 56
12 22
14 24
24 11
32 27
56 12
51 6
33 7
62 37
33 30
33 32
43 39
32 59
49 7
48 54
14 52
22 16
17 23
26 59
18 41
3 22
7 22
1 22
20 6
2 32
57 42
44 50
57 8
20 12
36 22
18 25
33 50
21 52
5 57
7 58
42 21
40 43
25 31
38 33
4 13
2 37
8 49
36 33
55 5
22 47
13 9
52 1
43 11
4 14
57 13
36 46
26 41
3 27
29 32
31 7
21 22
29 40
26 29
3 48
57 5
62 32
35 32
41 25
54 17
14 48
27 60
8 13
9 38
55 42
1 23
24 19
16 27
57 20
61 4
4 20
25 7
24 30
26 7
22 28
36 38
29 48
59 2
7 19
18 53
62 61
6 27
19 18
26 11
23 60
28 19
77 116
76 33
29 4
65 52
30 51
6 59
54 41
8 25
20 28
19 34
52 49
14 23
46 72
12 32
76 30
26 24
47 38
57 10
34 4
9 8
32 64
59 44
74 57
57 3
12 73
32 50
6 44
77 49
51 20
43 55
36 56
51 74
23 35
8 72
61 70
1 63
56 62
16 46
62 40
69 18
16 30
34 64
39 75
25 45
12 68
15 61
41 19
12 2
1 77
30 74
42 14
47 43
53 1
73 69
34 49
40 37
66 52
47 29
39 66
14 19
63 11
7 28
2 8
49 56
50 73
59 36
63 24
71 6
32 3
19 74
7 19
42 40
13 49
11 64
62 60
15 3
52 57
39 19
58 27
36 14
75 63
18 65
28 67
36 10
45 24
73 6
59 5
27 49
3 11
54 14
38 13
37 64
38 56
17 30
65 9
65 6
24 10
2 1
39 10
62 69
68 37
8 42
60 52
32 41
48 1
3 13
36 66
40 2
72 73
51 75
68 76
34 52
68 23
12 19
30 47
75 77
63 18
79 118
46 6
23 35
56 4
60 62
2 72
68 60
39 70
67 38
34 16
31 48
38 48
71 7
45 34
3 77
12 30
9 64
42 27
5 79
29 63
30 38
71 5
42 68
79 36
23 28
14 70
29 56
1 22
30 62
16 74
25 16
67 48
44 29
46 38
1 20
50 34
18 23
36 5
25 50
54 13
14 79
33 63
62 1
69 23
3 72
42 8
32 47
36 74
48 51
59 61
43 71
17 30
12 60
57 22
42 72
32 43
35 61
64 12
6 38
61 70
20 61
55 66
37 35
76 27
62 38
24 52
47 60
60 1
70 17
39 76
5 65
68 41
29 70
4 23
64 22
69 44
55 24
72 4
8 62
22 19
13 49
46 29
51 76
36 14
30 53
69 14
56 23
59 35
33 59
63 55
20 58
69 59
67 61
5 24
62 44
32 55
50 78
2 73
59 29
48 38
64 70
48 40
21 29
7 11
32 58
68 49
60 20
37 72
75 16
42 61
32 60
39 3
64 24
41 2
13 76
19 33
3 16
15 58
52 41
68 102
61 10
18 8
55 24
34 52
20 14
14 58
55 23
53 50
25 19
6 45
40 63
8 55
36 37
11 7
22 65
66 7
12 11
13 1
6 44
64 55
37 53
36 1
44 26
45 26
53 40
41 45
52 64
9 12
45 29
38 24
8 63
20 27
24 11
23 20
49 61
30 57
64 29
49 7
49 29
10 20
16 26
57 33
40 14
2 41
7 54
17 2
8 21
13 56
59 65
6 47
16 19
35 33
65 53
61 6
11 16
16 46
41 18
59 33
66 6
17 28
7 43
42 9
63 68
55 57
61 12
57 13
20 25
58 49
26 13
38 35
6 8
9 25
17 11
19 40
23 54
31 4
36 53
33 59
1 49
14 8
14 63
68 33
42 7
42 39
66 47
8 16
13 58
60 24
56 5
13 9
11 36
66 68
14 12
50 7
42 38
41 39
4 49
4 28
67 5
30 62
13 54
1 55
59 88
41 25
22 53
9 19
2 33
59 51
20 18
9 18
16 24
38 57
57 39
4 31
19 49
46 11
1 6
48 24
1 10
31 48
41 57
54 26
38 2
39 22
40 38
37 50
46 26
57 34
11 38
51 19
22 35
49 16
19 32
21 18
45 10
52 1
7 20
41 31
43 26
13 31
42 18
54 53
34 50
59 46
35 12
7 47
11 47
39 47
28 59
16 10
37 45
56 50
24 43
56 51
3 17
48 32
12 52
18 48
21 13
28 12
4 19
14 53
31 30
25 41
47 36
29 27
39 11
58 1
14 31
46 8
1 54
50 29
6 58
3 51
12 31
3 47
11 4
21 24
16 52
4 16
22 1
54 59
42 26
56 45
5 25
19 43
10 2
53 43
15 50
49 28
11 29
55 82
14 13
46 15
14 26
27 36
17 32
50 12
26 30
21 18
23 15
44 2
48 37
50 40
2 32
20 49
3 7
25 9
15 10
28 22
37 3
32 3
36 3
51 5
24 41
54 45
15 34
24 6
54 35
4 53
46 37
46 24
38 41
7 36
34 44
29 3
35 51
20 46
15 30
36 13
51 8
52 28
10 24
42 10
6 32
8 45
15 6
23 4
32 55
55 31
25 13
32 2
12 30
53 48
12 25
19 21
4 17
21 4
19 48
20 15
38 2
20 6
7 4
16 21
28 25
22 19
11 4
43 51
11 7
25 54
44 6
27 47
18 32
23 19
38 29
2 19
19 26
1 37
44 53
48 39
8 3
27 11
49 47
50 21
