3644
6064
6056
3818
5114
1252
8380
1346
6351
9467
8054
2411
4190
4882
4641
655
648
4314
291
4699
7260
4567
5771
194
5100
7146
321
7282
5669
3441
7356
8238
9085
4940
2719
4395
7582
8185
9217
7655
7760
4800
1085
1909
9693
6080
1587
6606
2517
2308
6620
2164
8140
4476
8835
796
9512
5972
9111
4656
7795
5766
7110
6438
768
3775
3397
3492
7580
9642
4454
9615
6892
8892
6471
6937
5852
4485
6799
2454
4686
5653
536
1478
121
1967
3731
2728
2743
9882
3317
4076
5834
8536
9687
5438
2401
6759
520
3683
4850
3122
5549
1795
1659
1277
9178
9964
1450
4008
7323
1494
8341
5385
3774
634
5274
5933
8870
1469
2457
3558
2853
4350
8899
5568
7237
9824
5368
159
9381
4318
8853
8776
629
108
5201
891
7151
1038
7105
6812
2261
2812
4784
8339
4285
9173
6078
7244
793
6429
9226
2127
9255
1352
8142
7690
6710
1683
1040
6948
2532
3537
1660
8347
1832
746
7974
3658
769
8944
7637
783
8870
612
3661
5967
3335
4379
5495
7466
3761
8953
5263
1511
7723
9505
6525
2908
7967
2530
1439
5991
465
3784
1745
2749
9644
2522
7416
9225
9407
7846
368
6187
9678
6979
3778
5555
9413
3267
4593
5702
8085
6567
4011
9532
5966
2324
1724
3253
5429
6103
9529
2738
6708
8817
4950
2652
7096
4668
5790
7397
1593
1738
3394
2736
3241
6916
8800
2473
5766
3111
5248
7331
6677
6025
2671
4759
6369
7812
171
2191
6124
9371
4277
7538
7169
5441
3515
4121
8026
6008
3455
236
3897
5582
4717
5030
6535
6821
6818
9368
8414
5392
125
2712
7642
4769
5754
1831
3148
9701
3413
1979
8628
2013
7637
5443
3457
2684
5587
1068
1370
1310
8958
3844
6272
4681
2252
6813
3693
3599
4001
432
7094
3083
7318
4544
5256
1405
4345
1504
7079
723
9023
8566
330
3948
3576
3121
2630
7145
6953
3958
1188
7067
7376
1642
2280
2725
8130
7319
374
4050
5286
8612
6272
4458
4479
1250
6168
6146
6346
7964
222
5766
1709
6006
649
5330
6853
518
266
7745
3627
9350
1226
1007
5177
9691
7839
9934
1531
9250
5160
5609
6664
461
6473
8427
5388
1580
9677
2856
5453
2579
6668
4690
7342
3210
9845
8037
4884
4159
2782
2496
4781
1998
9329
9437
3365
8763
690
8285
7103
4371
3688
8119
1673
4089
6526
3165
6384
7332
8035
4666
7475
9864
5323
5769
8236
4664
7233
9291
3364
7828
7820
6582
3854
524
9020
4930
8404
5666
1854
3668
2640
3161
7243
4543
7001
8194
8477
3429
2351
7090
6458
2194
783
5069
2238
999
6297
1251
8094
7895
8058
220
5869
5889
3842
8109
9812
9959
8561
6969
1764
3234
3528
1157
317
6048
4495
4070
6916
1291
1392
9558
1474
8748
6210
463
8749
9540
5911
9242
4486
1367
5672
8078
5377
8616
8407
9102
6676
5503
8419
8548
9380
9244
7039
7635
3506
3584
5069
8869
2547
6227
3882
3292
5833
1278
9958
8838
1011
9187
7616
5329
2547
3219
9184
9581
8337
6297
4162
6004
2591
5597
6653
2087
2137
6981
3632
4962
263
7488
2192
180
7944
8675
563
529
4655
5213
7440
1082
9492
5087
5069
7298
9644
8475
5482
230
6877
8377
783
7496
2767
7875
3222
6640
5906
2268
9873
9678
4459
8304
5477
286
672
8046
5471
3642
7768
9853
2811
3618
7071
5170
7135
6650
534
4271
5155
6174
6747
3003
8048
5082
8426
2259
5417
224
450
9536
8330
2493
5844
4059
1951
347
3017
5257
4968
701
9944
7112
3472
7449
7632
1671
3413
1610
848
1160
241
9630
2313
7459
7091
4539
2142
5128
4648
2007
9364
6011
5142
4196
2651
9694
829
7287
3158
5720
1485
3598
5273
1179
1732
5898
3347
267
3838
2502
8338
7384
108
197
7201
836
9640
7370
9464
8602
1804
2131
5381
1925
2611
5308
3101
1859
1121
5118
9280
9857
8498
1766
5692
866
3375
9604
9859
8234
8305
9940
5395
367
1927
6465
4453
3568
8886
7468
3071
3278
7342
7134
2505
5266
6902
544
2700
1936
1278
455
2195
7989
6949
3818
5901
7497
2790
4733
324
7460
588
3511
8314
7676
3202
4074
1899
4566
7339
4664
3451
242
1205
9768
2445
330
367
2098
8237
556
6480
5750
1286
2930
9235
8472
3314
6638
8963
8821
6240
8045
5844
9170
138
5440
4180
4174
4290
4475
4205
8721
2837
2022
2174
9295
9423
9927
9844
7018
8313
3145
8501
3614
3773
3186
7603
975
4972
9627
1866
1088
9468
6427
4808
5176
4274
8902
2171
205
9044
8675
2550
2566
85
390
1310
4348
7016
2295
5224
8396
1250
2302
2365
9958
7772
5165
5587
6532
380
9755
183
8838
8462
5238
551
296
1821
8405
8697
8860
1134
3091
4311
3491
4974
1069
9190
3576
7295
1482
1808
4545
1674
147
1244
7686
1318
582
7524
7544
9389
9842
3187
9676
1530
8902
3312
5504
2491
2747
1484
1284
6759
6472
3022
1204
544
6687
5449
2481
8676
8384
262
105
9776
8929
8924
9344
2091
888
8776
301
2868
8689
4736
4736
8024
4257
3157
7695
3288
3423
5537
3531
3858
6907
9845
8764
4535
4002
2909
3379
4239
2764
5314
5399
1907
2422
3651
896
4773
6100
2333
452
242
9968
7399
65
1418
452
2516
2519
5594
8803
4915
4142
5203
1817
2280
4711
7303
7494
4010
1826
6876
3414
6997
2711
2668
627
1478
7129
8218
4151
4334
7536
3330
3446
4203
2634
224
3997
6099
9115
6389
9038
4934
1439
5277
1649
6430
7059
7281
4225
5084
2215
3833
8851
2453
4024
5947
7731
5907
2377
5751
6977
3916
9051
5850
5973
1534
9808
8012
7544
2636
4699
4609
7131
5127
4532
2632
9271
1926
9005
7976
3346
4730
1139
5985
661
917
6987
1518
342
2771
95
6864
7538
969
3576
5346
2047
5580
6603
2128
5636
8296
7367
8808
301
9292
7148
4454
4031
8692
1127
2530
1151
0
