60987
85830
19180
22136
82794
50037
85975
81259
15380
29477
59670
54557
47388
11726
28615
48958
73119
89433
33870
1714
41752
46038
95697
8892
40529
60568
99777
95815
14366
52697
59212
9809
59408
94385
91436
23893
69771
1652
91289
33201
56018
62148
38592
42027
68370
1073
68655
51905
19397
47107
74822
28881
7251
4887
45142
65453
25508
68411
27352
87281
31265
22953
66072
13776
20955
8385
29084
7354
56357
41336
67400
73094
59906
95937
88613
97301
66346
11997
27572
91979
96687
38062
87908
78207
2469
40644
56028
88565
40119
58974
42414
76357
76693
60683
60021
41374
19208
1125
10514
8431
20238
83495
53968
12118
42820
17579
97827
56633
75738
11257
18832
79962
91384
64325
10963
89044
74821
84172
12241
52786
55446
92373
73519
87622
53118
81488
16762
88207
98776
66316
14928
41775
95350
47819
72882
82740
39238
85948
32393
41843
63400
86136
75790
47369
48548
41885
86538
33036
10897
54327
47103
25118
36050
50752
96187
41923
65106
92847
14579
51229
96529
59582
37251
79347
14825
40598
61563
66357
36318
54447
55713
53173
26184
56873
54399
93601
59584
78843
67656
17857
83843
89756
18419
25304
95306
10293
49925
66342
50527
47401
77141
79185
25220
36603
54488
53568
19991
73178
79519
44939
38877
88543
47344
33001
80033
33503
11012
28993
24447
10346
29199
87197
14791
32700
6290
29020
38916
8234
27166
11608
73543
43806
30379
15217
89814
49483
98502
78854
57289
83513
83688
53019
47543
98673
87914
24617
63867
56385
22289
31900
54024
86280
43636
16245
21147
71825
99618
29234
58041
76356
36669
57691
85254
49716
39143
39112
14982
39115
33691
87564
8759
78185
87735
19927
49023
4434
28967
70140
65447
16514
87980
99395
47676
97207
16742
31121
98294
87925
70956
74540
48414
55777
57007
38008
8636
31543
51574
86254
15937
93141
93201
35785
93630
29318
94418
82516
89391
52883
47994
8033
38113
43332
41348
30413
15848
65321
89290
52790
45967
92679
66769
6627
82837
54871
30591
93582
41354
94166
74096
39187
50171
6837
30273
68252
18884
65721
31604
43340
92325
7330
82896
21359
40560
21348
87161
40691
29411
78932
99425
21609
51505
17181
7474
24510
65536
81093
68662
47789
26926
4737
48745
46441
90289
61029
23923
4014
1015
87376
32645
10209
59395
81471
87796
56831
90677
43698
32414
72396
13938
77166
63881
16431
13118
54106
47959
86642
14079
6850
91597
92104
98515
83442
72744
37961
85365
57662
87524
58456
19984
36197
43256
89465
77465
99239
46424
79306
12244
32585
10593
41841
16933
14319
74527
20336
4378
76720
95572
89722
59268
19948
83735
83743
58010
50227
92511
60926
89999
28183
58729
88304
73708
73904
52309
52482
23167
2050
90861
27717
3921
81676
91617
99476
90994
33812
31048
53394
28776
50469
71121
82506
21562
19503
67455
69210
46697
34404
99243
23893
21552
95018
6437
39200
71495
61899
16431
44737
17709
38074
34748
35981
81158
23115
92252
72305
9834
46796
15733
32807
903
47338
77676
38276
55825
3396
71364
43542
21803
26313
20147
97480
53844
52960
54593
67230
65123
43715
47517
74733
31270
6946
43669
53168
63741
65704
18985
39092
27045
70992
6709
33678
22174
96629
99926
31157
72804
76316
57459
81960
73222
97402
39279
58201
81150
68503
92517
39846
92969
42686
61190
81392
8093
22894
68797
13428
27660
70231
30516
76367
99291
46187
29966
77349
59142
91988
43721
5019
44133
68312
82608
97418
72250
54387
61732
1002
10543
22348
89470
56826
24944
15409
14554
8525
59179
85350
11596
22603
23129
36499
59604
56629
57737
54910
80127
90513
90635
21886
77681
42213
70092
78306
90413
63030
29368
8141
22521
73555
29335
45814
16938
16186
34594
11867
634
46189
68938
75789
81555
82404
66984
72323
37874
96285
14287
64432
87966
31785
66011
20093
61446
1166
48268
58330
16438
88645
27950
23997
1107
62850
66851
71948
24259
34679
1047
43972
47584
90977
15665
93900
81764
84619
28915
77153
56017
88916
67766
6912
3744
23572
86648
13555
52533
96253
52370
58505
60497
29800
70882
61801
67507
38475
74073
66089
95463
80172
68312
69327
79531
81816
49537
4840
79396
41167
92807
5800
51958
66260
39652
76663
34395
74338
63964
66491
73397
54187
61217
1018
14828
55386
21636
81504
60715
58817
24644
82344
51138
6000
44156
74230
40625
88376
36227
5530
82120
973
62667
89208
6628
86551
7808
47217
44696
40254
38711
523
35513
99821
95783
15678
34750
64099
24234
88419
38140
24830
36827
481
67270
28567
52567
75670
52429
82513
2303
41439
74920
77433
64235
41477
24400
37912
31406
28954
3980
40213
75901
33735
19486
10476
57120
59663
87429
46174
44087
21358
3469
47275
57591
6355
1582
35404
83459
95327
15872
9322
69799
60393
43557
5577
54307
27252
71103
29671
4492
10695
17314
46826
13836
58290
38900
49971
96004
84076
81059
17060
15050
52112
22332
13015
5912
95857
19586
46700
86314
83752
61349
34017
90045
75551
38538
53244
7180
325
34515
63284
27058
89266
96024
68755
18495
28245
31303
35920
75872
1970
73772
53477
27421
99605
11833
91516
65786
60629
32643
57271
49518
70084
53850
81573
81587
16292
53931
8256
6890
48237
14232
54852
31512
9453
49029
29277
24068
97798
96500
65634
56107
73691
1459
76265
64364
96354
21004
82115
53916
86502
36696
71342
54026
49031
32132
43417
27262
64557
17247
17357
92896
9977
53026
1024
80331
62111
61400
67595
85653
82255
18599
72231
82139
94406
65643
82327
96074
77322
30852
63684
82978
12574
87123
29924
64724
15912
27851
26215
37447
35695
38913
67105
99721
29939
34461
87012
16501
28062
88253
96945
36186
75862
87962
74517
65388
78218
7841
78000
65271
42758
61583
52877
84138
26507
286
31163
54381
20055
39096
93405
2197
38213
9257
66703
99056
7924
15383
29582
90586
4528
69336
47462
81174
28111
4814
92567
14852
89461
29808
83918
15232
6416
43239
28885
13379
4974
19785
78092
86054
30754
24754
90787
18111
11627
93163
65668
69000
13167
34950
28274
77902
34336
11590
13338
2930
37183
37634
59665
12411
98597
88977
33302
28193
21049
85330
35469
62351
22643
162
83052
23242
69873
30221
99490
53227
55530
17910
91630
21807
92421
69220
19420
80203
56200
68952
23056
29542
96671
58730
57815
96238
31829
14730
8663
26115
67131
8134
98400
60392
8674
27588
61791
6661
38729
84585
71073
98887
65048
54221
57023
57606
73433
66074
56053
20056
66830
63739
98708
22635
18672
26751
44062
37181
89083
12824
60692
4208
4309
54060
44818
13015
44818
82049
58265
43425
93288
56557
63340
73910
97524
6118
2223
54626
17012
28063
27539
35284
31952
82468
91347
38570
76135
38907
45417
73318
18118
90648
74872
35234
26591
26637
72910
50699
15140
6355
33464
67065
93078
47199
39067
9127
32521
63310
18931
21460
26931
23276
21296
97038
88648
40701
60682
71488
59473
94693
61496
37063
39575
71590
29700
16357
56307
85104
80513
88074
17978
64115
47754
73864
23939
39735
14472
24369
19307
62989
71067
80277
57150
40649
71550
52489
78466
55787
9375
46909
6052
22237
36729
86541
2107
64850
91000
92026
78299
2412
42307
13225
17960
43376
61261
30762
75117
13684
34373
26861
51083
67407
56502
58474
20958
53134
69303
87648
78330
85770
53768
15638
832
2377
59154
61991
84396
53999
58544
10354
96559
68647
33118
14623
84927
77652
9623
55677
19282
27066
27187
3801
73377
30036
70718
63420
27845
41722
82578
59085
22751
95496
19908
53923
55297
52466
32839
89937
606
36182
36508
9098
49100
90195
83274
23337
47808
27005
83500
26168
15579
52828
80161
31608
1966
43245
26839
41167
7340
39312
2774
96870
58794
15754
37782
96317
61326
35478
41729
39926
77675
26962
25170
96546
28184
91581
27565
52115
85648
99543
8971
55543
64682
53703
27269
11668
57401
71673
71597
18559
87964
92272
30059
25871
32114
69916
32242
48912
65252
29941
75208
94351
19015
44357
9638
90976
32754
49814
61766
23277
54157
86474
22239
66129
72155
23576
18572
12820
26421
6664
31990
85391
33179
70922
31908
88426
40955
39864
37040
87625
7059
60005
65006
84440
24830
31983
49069
59361
49232
25072
65853
39248
87557
45365
58517
88159
4400
71223
45467
24468
84939
38534
69099
86302
1995
32341
38556
5173
28145
86617
19342
77956
25691
28180
20464
63073
93921
65295
67043
29244
98270
44127
10634
21214
61239
6061
36684
51024
13915
32818
26728
45527
86126
89158
53646
84857
13473
30996
93956
61566
98006
53532
85231
31243
23001
11678
73227
10996
54113
98675
1546
35191
53054
42752
16590
95297
5757
83380
77027
29516
61654
7913
66390
4992
3626
96094
59776
11263
192
11317
56079
33973
42301
18723
80227
57479
44416
66882
48498
2876
38133
32222
31177
44631
66205
49840
26176
37307
5233
80039
96027
414
74160
75066
88549
23432
72808
58751
37220
40410
51949
93117
2544
254
49910
83053
112
26704
56754
71979
57626
4783
67356
46005
46980
79332
23264
85360
76963
17423
71443
95739
56773
81939
32274
71951
93313
45532
82902
3372
30372
37047
78137
63630
62413
48871
44248
4452
97190
42528
5795
85675
90341
36853
17397
24470
7926
71093
20809
91277
59590
62896
22146
97058
81338
19658
51789
39432
67914
93925
17085
70750
61624
42746
29367
34209
11572
11450
74014
24697
37240
91422
63754
65579
5545
79907
20399
84233
35895
99140
42303
9200
95643
11023
5056
46814
55167
295
95841
16405
21213
78166
29280
17164
71972
45987
72197
99110
29764
88786
54883
74888
42596
30755
35402
71073
58071
19570
96666
25653
63145
30834
40803
26589
69804
2636
47248
67295
66999
55751
58974
91864
70297
4562
26582
3204
41470
57502
75952
67712
93613
75284
63269
80963
36884
4248
7608
12737
44759
66422
75736
1171
43633
22440
87250
46709
58983
71358
66574
77890
96896
3123
70228
53276
12178
4377
75452
49672
93123
88351
5849
89438
96859
14353
71739
55026
45148
65296
9205
12235
77171
4894
35992
53584
59650
11131
93121
37982
98073
54530
33159
26459
50394
43341
50270
2213
59545
37809
97643
42248
52503
31206
27441
83047
61140
99368
3294
80465
28262
17087
98260
67920
90008
10423
46646
33661
57632
91449
67890
14912
13304
41648
22919
83911
33608
51844
49805
20221
63576
25313
98181
85746
96621
52259
95321
39579
433
20532
90830
8450
87649
49376
1626
14973
5448
71275
69142
49037
64157
39090
26425
91830
86878
15791
39368
73863
31981
82078
20335
54259
78497
67972
17376
23430
52562
85730
20365
79824
83431
74143
70921
79509
33612
50885
27372
82550
50795
93595
33726
23338
39279
84134
22427
79653
64970
63146
25785
89817
23421
14450
71654
72739
70825
54604
50725
40523
5563
25317
4051
50881
24188
42632
92162
18868
28202
63138
39394
91001
71996
61759
30258
5002
57525
70545
76201
59653
97388
34696
55658
12551
86193
46186
30033
68822
97388
96645
66238
32665
87882
56379
98645
33839
15532
10397
45615
74770
51820
81194
83000
38616
98726
4451
15804
92366
74933
87920
94166
11850
19863
53173
51232
83503
81639
71908
22410
53584
56644
57789
29655
96860
79858
96633
47158
30604
56638
69209
79159
64051
38107
91196
36856
53951
21659
15427
99149
43045
82776
42101
69223
72198
13544
19430
25109
7731
58202
34008
30662
50578
23177
38055
37032
63864
53480
82510
57294
11888
88703
29394
49786
21661
80503
84587
34513
67209
63952
75851
76810
47834
74050
14063
5983
43850
76586
30361
58060
98105
6511
24044
13297
37800
24748
87532
36676
37791
76004
94806
34983
60925
59187
67695
7927
39266
55520
88866
19525
91272
84888
6691
44533
25160
98896
85582
28870
60733
63043
93703
79058
86453
19880
91207
6153
77513
2948
61306
96542
72384
30706
91545
48065
70186
72001
3310
72888
22607
93678
78838
61936
29853
28712
51631
591
26381
71587
78849
44433
81751
99494
70676
98339
38142
94571
71937
45842
48863
32039
44633
41124
91653
39103
49397
17572
16665
25853
29014
30999
58785
10294
22151
94049
14763
35199
61810
23529
83518
34503
71005
81351
87513
64763
96523
54411
81989
20114
4341
33933
31474
71011
87907
96609
69367
47013
80783
42733
51593
63196
18200
94668
45295
71299
53333
40699
62208
72065
21900
4878
4825
73200
72590
50193
21342
56344
97138
93278
20204
80310
59311
15765
31509
52547
11276
40815
64962
92598
6039
7626
59584
19817
94863
47700
92201
9475
53801
62051
66374
36476
74543
58651
49887
8950
22267
43438
13354
4415
98852
12368
80329
29880
23702
28682
32098
23065
89498
75220
81056
63546
94963
54752
92433
20138
40554
44195
95340
10878
63383
85653
81205
10201
85131
57922
85157
90497
36525
73727
51619
70059
97065
43206
49975
35740
89176
22915
51081
28328
32589
73683
35990
71003
86640
18328
17686
56515
20922
56419
61422
44026
97694
62930
43240
17714
86696
46450
19329
79671
93061
85181
66940
50456
5853
22412
10770
53798
78625
55418
49260
13131
75666
84354
78570
53328
75668
30125
60796
67890
47906
74829
28593
3409
4830
12168
15678
201
82105
48846
10718
9141
77249
33286
20447
730
48073
79206
65252
87113
2481
20215
32264
34720
23489
60617
72041
84414
15988
18900
93542
66637
98755
52617
85632
55649
16192
40397
45720
21999
62338
29878
46130
51991
56385
4922
39273
86175
31432
82149
46092
57451
381
29079
86948
12817
25084
84388
23369
19796
42470
59529
32148
39957
29169
79239
53265
16128
99950
28136
17562
87784
96770
26676
47310
34654
29114
89890
58552
75848
31508
52233
7333
14731
62010
18324
12014
85460
62455
619
66893
85361
89946
78790
20942
66277
42807
18386
3434
97346
43856
37538
97256
53079
36493
62103
60896
32915
38458
76283
29421
64588
65297
10682
18269
36799
88842
62320
68312
13632
76796
6566
35134
12280
80374
5279
94696
34714
49240
65133
59280
99730
56425
85450
8436
30082
46720
21639
82031
706
2339
74209
57193
93292
58773
21645
6989
66129
58881
7847
11456
79466
84558
91785
68851
48304
21171
21997
80609
49596
22814
54854
70164
26341
62908
63530
85667
23661
90286
72440
77589
35856
20165
40903
72891
32995
47834
26436
78029
1305
89985
99027
25164
91190
44148
98380
75849
82841
6974
47059
17775
30144
30665
51409
17098
66970
36309
98977
50983
21555
35359
41776
46316
3240
92581
6822
30315
38393
29468
52791
80648
27496
50522
56340
64938
15690
29810
80622
2704
64463
87518
48073
23280
34129
79040
59392
50840
22316
1817
34930
74513
49437
30845
33170
4999
16359
35094
47536
60829
18286
72335
83509
51728
50146
49490
27198
40409
4131
94955
88834
31077
99129
11428
63946
87132
11801
24446
53108
28780
6764
70544
77972
43773
77023
99704
83461
26320
43271
2242
2836
80250
40869
27217
67895
93440
32382
37747
58339
28145
98769
20433
72339
34694
43118
9207
41860
21384
32870
48033
56193
67432
41375
64035
4955
66585
29826
97318
43055
44976
4383
28917
29536
85696
35915
77308
30473
10449
72912
83092
23518
21044
13298
88580
86851
74861
3108
58082
86468
26767
70742
50098
85278
17601
33102
70641
96514
2841
20208
25268
21811
22353
55550
16887
13446
96003
85997
3919
41951
39794
83005
31180
70558
56126
88476
43558
47025
65853
76501
91544
2100
15778
5176
89977
37741
85526
70034
88878
35451
23634
62802
47082
43994
55713
2818
47487
6829
96196
74509
81149
9578
26201
44511
56776
23080
99359
18435
73733
45375
33453
68082
56162
50588
41309
11561
77706
31769
45738
69371
30899
43110
24478
61765
15045
20138
18128
26404
16771
80683
10284
34079
57352
91914
33679
70237
20656
23710
9879
38169
50280
23605
73520
20829
90727
14471
58312
69290
88954
37763
61811
92941
8023
34929
66900
49988
68381
92453
12328
51219
83201
9476
87359
11134
49022
65973
62506
51257
69159
90374
6564
22799
25263
39188
43092
26018
69794
64278
81327
1287
85901
43942
94477
63331
62275
70007
28921
13663
27540
62467
39318
4741
73932
10164
4517
2711
15176
49544
35563
29437
93403
49471
26932
63505
74244
82877
23109
80789
82429
80381
42279
73928
260
45165
40147
68307
30872
46039
74552
52619
13775
33767
17391
28538
28512
20974
62206
18752
87683
65279
52425
34773
8760
31497
39585
54704
45413
68576
48731
35714
19527
68141
99437
86594
84223
45873
69855
42457
23951
56958
70831
51255
42857
35336
85694
81650
32633
36357
45833
63740
87052
5200
61356
55342
19279
42101
49318
2887
10852
2762
49752
72640
77299
73873
51411
28701
67096
64014
81337
91439
96001
25016
23668
46692
67520
31899
45726
87081
33651
37037
82254
92480
96417
39365
11796
94936
52180
73544
20995
99843
41287
59669
15070
76324
83942
9738
78752
14788
47433
24696
89175
7064
68955
34604
49081
87079
63720
19681
42245
47686
92451
2691
77423
51347
53987
51031
37123
64473
76028
88805
1445
17786
70527
27093
43903
69793
49453
12415
65130
45666
78494
40597
68905
35429
62937
35285
53599
39369
81678
93299
23605
39192
24545
88034
42871
98336
56044
72021
31265
28222
47959
5765
61565
2673
29606
73439
79922
90618
87160
48424
6097
53756
1033
75407
87295
51149
37351
53648
78350
49133
86218
33713
45623
14656
36555
17134
54193
44925
88362
6220
31439
53784
85473
42572
6750
87355
92586
8001
31618
80805
47923
24061
5253
48652
53896
52472
4687
90032
33503
67652
65628
77177
23352
63400
90170
30815
19519
62397
18642
28041
99141
9788
8520
36808
54669
13173
75184
35328
51748
87139
48759
46107
7453
2957
76720
4931
71029
72922
83356
83098
42168
82947
66950
75218
37168
24156
31174
75731
51743
89176
77933
94662
36360
25576
47642
69721
89867
73647
50906
36160
57000
76072
87573
49279
43361
7551
20038
10159
8520
32505
97897
96924
31023
78973
88832
11701
33958
87953
78150
97777
32413
32010
81308
73179
36336
97699
85496
99903
13173
62931
24976
28489
45131
19416
21152
16242
25937
44117
85287
51834
94097
78051
68510
41034
80475
44087
94632
52368
87509
13813
94286
38837
43123
27306
73370
9685
38156
97203
935
5970
97790
51195
17612
69606
7905
19040
65335
59811
26364
33310
13510
11952
95877
70966
45583
74067
75790
4159
29623
90199
68888
65960
86545
37214
73770
12824
85669
82634
58396
37606
49357
8543
33907
74644
89303
7100
32523
28686
31943
55800
79644
76701
6768
69893
19752
91558
2640
65313
61064
87248
50262
52141
30661
82907
17910
59351
63013
87044
66582
2786
41151
22563
90397
34967
408
16880
35854
93153
36846
36852
84092
97078
21714
88279
21290
92179
51280
46070
30628
35038
53426
35899
53954
62143
91819
8992
335
95207
67163
66874
41317
61451
58150
52451
51465
26551
14589
54063
6630
13764
88419
50033
62478
9264
55126
23315
85485
47803
86839
39752
16520
59535
67191
3703
74591
20908
48318
67431
52468
24205
28821
19579
52011
41906
39775
58425
20227
55086
39420
76108
82148
90253
24411
87066
73719
50311
75879
34380
44756
20335
247
87203
99437
937
4502
35805
36926
90141
77277
81945
82416
10884
15530
15530
53112
21706
38884
5743
44679
82134
90690
68224
47658
90468
44809
4615
3109
76976
38385
16727
48935
79515
56213
41490
27988
48073
78613
677
14541
46718
65480
60745
17032
98435
66415
45464
33591
78326
52215
43542
4874
75691
41869
33382
62467
24409
78788
25391
97617
90215
50356
14502
37699
68708
78674
56928
47564
3470
25357
31211
40828
2844
64856
41973
88543
77456
82822
61733
6757
75408
38876
45615
42013
20573
57729
90809
28865
6365
23971
31233
35525
23911
84872
43731
36408
86044
20388
69379
43358
87302
37625
7416
28245
3324
57537
67844
6633
63482
88262
18122
20874
62238
68842
69460
16907
59258
35910
33560
7726
5985
76642
99092
66066
42655
9988
15557
1602
24954
61378
45777
10922
3195
95911
10813
40928
33863
71149
4914
33265
75180
16443
58429
7474
55425
76258
21427
12990
44684
88242
90242
94063
89026
82744
24599
98256
19968
56450
51192
85516
64572
50026
56260
61389
65300
68321
36536
954
71576
58818
46768
78038
75726
5085
59857
95209
61318
32164
69792
27951
90018
9350
80260
90179
18338
24437
57718
76692
91071
35932
60788
72170
96087
81534
65177
75612
41292
10843
16080
69796
23737
88077
11496
6341
38726
97522
5328
53469
7666
9905
21967
73713
40591
81383
85511
46087
43181
7908
97006
48983
54945
22182
59212
174
95962
15671
50609
34538
55779
34707
60318
21309
57963
28687
14621
46011
64588
20872
21897
61386
31994
52347
30881
64484
87687
63463
33454
84120
90462
84735
45451
48470
58966
10040
8195
99278
52646
1491
72963
27696
47377
68734
21911
50806
19332
82464
86486
89261
51377
27043
3970
10153
87761
34871
21428
69234
4050
93402
89812
32284
32930
36963
19989
44266
79863
95869
70391
88726
86031
3254
14681
53915
17771
52876
1943
63187
12748
98338
49771
31931
87435
29009
13066
19075
15250
83582
27648
74252
60014
51105
22111
12240
52701
88378
40095
36066
47230
81430
82319
31847
75325
96439
94088
46281
77123
17168
28038
47656
74620
34045
58505
89590
69938
87538
61677
34544
984
39511
60307
17385
83536
62008
93524
31474
22631
25636
91544
58426
29353
27667
98292
47022
67076
33070
91098
97008
94672
20845
43287
57214
52682
44718
22499
27711
45582
44923
49053
95764
74618
51952
72685
17304
75359
7181
44476
92340
21474
16490
63250
44871
64557
85320
48695
28134
82404
82035
97062
30104
79792
58669
92755
57902
6578
71944
12515
81208
46053
5806
2930
86241
40223
66744
47797
45111
60347
32567
16656
1066
37211
80892
26201
2215
83295
87612
38758
38229
87910
83511
68151
42360
18047
96701
97743
35782
17938
42612
23026
14048
53009
30594
35080
26009
71954
26183
25205
86972
5106
19382
6192
70640
40998
79700
71281
49147
85011
15433
26973
22187
8380
41083
43476
82756
92676
51909
58082
83594
69464
58370
60528
94208
46694
28539
58563
33788
25804
86462
41021
6867
21049
43143
85871
17279
2102
82245
54126
56222
47977
92661
53317
26965
88583
91327
12457
89754
81119
84378
92855
75560
17269
3973
28613
59683
52143
65820
91987
64208
52758
98021
81085
98377
16454
75733
55731
39937
76021
98171
19534
39497
60290
69659
59552
91810
37819
24783
86239
89926
70619
48339
86078
96930
30674
34899
5583
79524
77539
61651
4165
16522
92771
54450
12187
35745
87862
58190
68152
69447
16896
67571
91139
26806
75986
9311
47810
78644
97836
66492
83350
18994
8035
8738
81096
75161
57932
3892
65489
8038
67801
21589
46099
83748
71321
94819
39369
88534
87111
65682
94086
26174
77121
17177
80171
52192
8513
42875
6965
1099
64412
91984
22887
47026
16841
45630
13159
30632
77105
51436
8976
32777
84527
41858
89640
758
65257
14518
42084
26258
46850
32569
98295
80918
36475
65467
50802
88184
66746
22047
19475
69383
86581
54156
95856
51161
94775
2132
1651
1265
88447
95227
74951
45984
43979
83447
5110
60642
34966
45345
40280
88615
28951
31595
62882
80870
85267
28556
43786
17653
85938
82008
13347
23445
84583
54668
82993
58283
51007
11820
71057
24380
55884
38151
35971
58663
62404
84314
31483
42475
69916
60203
66548
80500
5076
48388
2853
73855
93825
2700
57446
30921
10338
22104
76414
37361
93630
35064
87356
93004
94876
9795
22699
4534
77908
7677
43633
26542
88857
9231
82127
40918
49020
33006
3434
97016
82250
43056
61213
62419
70660
13187
37770
91272
28893
31200
12249
61754
27329
58624
77520
75950
72186
46723
6892
9827
31746
31587
32415
70375
95092
6443
56505
11470
58353
28067
94587
88560
3793
44740
21032
23304
32239
57007
45233
91175
37925
2667
99688
30957
93771
95131
65286
14364
83136
48202
53161
19365
63468
80352
91153
5821
83984
82000
552
93562
29055
75922
42071
15906
48641
13556
90443
66362
68622
87506
69499
74821
81369
4757
80314
47660
41300
14831
72244
99619
38383
72459
79113
57708
47063
8382
88212
49612
82619
46121
5011
84763
57502
1283
6361
61965
43066
19927
86053
66993
52349
47894
96572
28176
13901
70687
4766
64880
74250
8764
64730
41424
66414
74933
81703
57347
92494
74511
50322
554
94341
8123
67281
20239
73235
88778
96524
78168
48180
48629
18547
51594
60272
10375
66281
77250
26033
83358
53394
12048
98815
27924
97743
68484
57397
61778
92656
16730
71984
6008
89626
30080
54241
42598
3203
69313
47100
67186
49400
65706
27919
7569
1589
22804
40677
30401
89271
44992
59907
4675
1086
37948
74713
17399
53332
42157
65207
16439
87042
20662
18433
66051
58024
90364
93587
31616
41673
30572
12974
7681
90279
53245
70883
1768
55900
27192
8002
81306
55036
40054
65518
2174
61457
78370
8416
11140
60161
72369
88619
83414
88552
7368
51119
67609
41164
241
12188
73024
95374
74061
73099
30359
99429
45160
54682
64086
76601
93710
98659
77125
25602
57323
53096
30200
31396
33787
20108
30922
91791
27941
17044
8796
79589
6791
76479
31500
25314
32045
18573
78965
24880
76337
34499
74057
9083
28740
98162
3752
23997
67906
50379
91230
48760
26657
38281
58094
92809
91623
23253
14366
72131
95874
24887
69123
51711
70069
34876
33077
8012
32433
56079
24862
87963
20710
89709
59345
69731
44565
77871
51782
39245
19762
21006
26467
2163
38314
70537
93707
24348
853
44507
88097
9343
10977
80993
38062
70930
23577
1408
65280
74431
18960
46227
56232
8435
84341
94825
16308
72987
2752
49705
16523
90342
94466
46330
11238
85149
33542
63923
98173
67840
32499
29067
35296
21952
83249
4031
15429
1339
55302
12279
27966
96681
52569
13498
36963
85736
91705
15994
80728
73465
63528
76564
45963
71990
58935
14641
68302
78261
1936
79443
92260
81557
80792
82014
3044
24736
12782
26111
45283
44436
90881
86262
79446
54192
73426
66879
19592
44163
26753
95792
38632
22896
7113
84200
78266
56647
51422
65636
24788
57049
4648
93509
31090
78576
66252
38107
21316
21805
83498
84392
41662
58487
77174
21779
66461
50040
47175
99461
13647
75992
19197
77967
3829
73942
72106
1934
55539
54402
11796
21698
52885
10609
62704
5342
67874
19610
95194
19450
28407
83598
92705
17768
46178
60015
70212
41380
57117
34190
17669
30593
74469
18615
5385
58225
21960
28441
37784
94727
61773
91332
71262
73346
76023
10652
8728
96139
43836
12333
80578
99884
12223
26888
56891
20880
12192
34012
76206
13643
41307
59372
76490
70454
43351
85667
20365
46051
99551
12402
99265
91513
98346
44327
28982
21358
66939
51770
35767
90168
15622
31939
15971
96953
61159
94258
2264
69897
46160
49684
74748
15173
4155
51505
22084
55447
96645
67171
13260
20510
1042
30109
63264
24117
3348
66722
19848
55781
82785
62551
77217
41540
17502
5363
39793
32283
87877
17388
35937
96904
55648
71726
22013
8343
94114
86852
85933
54364
45644
82600
30568
44940
31996
33028
45809
78942
18392
10758
27574
37930
43852
88698
15929
36388
59114
61548
98278
64568
33511
70657
29032
50522
37445
18945
33251
10463
11850
7585
91274
55128
55692
53437
78668
45102
24455
85349
67589
50995
41867
86274
1048
36697
27379
32304
86028
18203
48161
8156
26694
59440
33222
44121
10170
57215
43451
86061
30046
34977
76119
35527
49635
82611
77658
56439
7343
87578
12115
42380
17509
75345
54029
94220
18324
60724
60593
81199
48819
82115
67384
46168
52611
87028
4725
19914
71399
81309
38617
91566
82475
15369
51005
74627
18104
35329
452
32787
41853
29863
64768
59218
49482
15597
98010
18504
23748
86985
24464
87987
43961
99345
44600
94003
69147
32418
40235
66721
37766
44337
25402
78437
59976
79427
21370
43981
24054
14776
11860
58476
4845
85186
64037
27634
48966
64646
62432
56745
38071
38230
44408
56834
24156
24004
93242
58032
36311
84816
70134
30790
28477
70439
23008
12396
24305
5135
8428
70753
88208
82365
24810
8889
509
53615
20164
95828
84152
27534
45485
92161
3488
21241
55359
5926
15686
24563
72420
56264
77414
31213
34557
62315
73633
22917
73214
60558
66787
6000
66951
53293
95582
73311
63378
84400
39430
68523
11744
38083
98893
53070
99756
78442
57224
52030
73217
64547
54545
12234
37969
37517
55215
69901
54490
36331
9602
86836
81508
18738
93851
2074
49949
82335
63924
79747
75543
89566
21869
84933
45869
17293
55615
98493
51441
78542
48362
74212
77927
29420
67832
611
29204
27779
19805
51558
4177
20606
76826
86705
12313
67761
81413
97980
31625
90579
20989
52266
5164
667
32930
5739
33947
96675
12290
62274
31520
25703
22052
72063
76732
2240
5063
1401
8978
80630
1181
97289
25649
9538
55976
93680
51419
56952
3615
41587
84964
56911
80571
82969
57326
66040
48483
42293
80970
89922
22161
47485
35304
5327
44101
15842
95072
23223
53972
33900
7632
83083
99203
85787
37893
26151
75500
39710
32149
88553
77745
85503
17582
80595
37210
83715
54654
86383
90416
17566
35717
53574
72917
97007
16265
25562
2514
45983
87780
54307
36332
54172
42700
57444
76119
37026
35948
46428
52616
47977
25677
49104
20226
81178
30426
49685
16009
8672
87250
29317
89636
35498
84199
93915
48400
16211
88220
78258
92671
75379
40752
89313
9306
76555
16148
42104
91015
63118
70669
13919
7172
57939
91729
32221
90469
28984
73124
2005
21218
67285
69506
67400
80845
34904
69435
2371
98919
72477
94682
94424
29580
75453
21587
63430
44180
28590
67313
10040
48566
64390
95096
88361
74340
53993
10336
32922
37843
11111
58278
45564
78469
60634
50541
47138
59071
46955
57390
75155
91180
14000
4357
93864
53960
25067
80374
51852
19601
61884
14996
85961
57563
81793
92669
69534
82975
48117
23196
31973
98292
5970
89052
79594
29137
20818
9630
73129
84999
69164
4757
45768
19207
35265
77893
44602
5223
99648
25789
22071
12184
268
87991
99449
38231
68576
86039
1239
41444
75811
70822
36406
86030
35349
55878
62090
72885
80049
92354
30581
98482
79511
39985
13226
326
28965
79191
43502
69422
36843
19202
73590
21011
64752
11667
21748
81012
20296
60012
69042
47718
76510
94436
78678
32494
95629
87116
50038
85429
58719
15926
30893
6247
24584
26753
21222
39732
15163
43306
20268
88570
70996
84171
73089
20951
2793
40669
81077
3271
30977
26060
80432
92572
42232
22027
52131
42348
76306
21902
53252
10669
2120
42750
54392
15866
22832
90303
23175
44301
4535
18105
92109
93269
27162
12126
78674
63123
57412
77010
5934
49903
32292
38940
93562
25748
72200
51895
36013
94787
22826
75215
41330
68414
12614
95857
1701
30507
55603
66501
63157
5999
59094
64819
16846
56184
70494
7414
99141
13878
26850
50855
27032
42466
27134
87357
71823
42679
60819
58786
13309
18447
77136
19227
63798
49856
17500
21615
55182
57379
59052
31973
66657
63969
6632
92124
88488
19379
29609
62010
9104
24410
9178
2578
3388
63608
53539
48529
14868
35962
58065
38587
35614
10226
43609
25541
3367
52659
68710
52406
87378
92201
13282
46662
49551
51439
38478
87670
77769
49123
87006
35731
76291
81517
18344
32486
80465
24753
14111
40859
48065
38391
85186
78262
79658
56222
99119
6890
40232
43189
88055
3227
33640
43966
17651
89722
81385
40960
65122
72341
51541
60872
79439
60474
8388
79720
67445
21636
97327
30572
89077
12869
25734
810
38358
22986
92288
79016
4734
44307
35865
76281
49773
45896
32042
71098
35654
61406
81623
13275
48047
22439
4450
90269
73748
57662
47194
65680
38790
52432
53237
85866
25396
4674
77396
61594
54869
78096
85610
80396
73686
38510
52732
45628
87078
80768
78521
45314
47058
643
42295
88718
63222
23712
44067
63798
31882
68744
70592
92023
95857
13051
95585
3520
74499
93601
43927
57025
65667
31589
80419
17470
3749
78058
19101
36095
27012
38018
96081
22355
8099
72256
46208
44717
89785
39122
61977
24881
55396
81280
52493
32465
75973
65155
43766
59100
13706
18583
34408
18596
16522
45010
50717
2518
53457
47077
81959
42276
69684
77242
94325
87797
62696
64450
38774
63295
95434
32665
73350
28115
51490
0
