19147
2967
93902
12584
90792
78295
15711
59521
49143
27946
75822
69608
59863
68636
90599
66819
90640
52974
69614
9190
16557
18191
96195
37533
69206
98921
14405
76276
27567
74934
1354
5176
56353
23539
13922
89692
40451
97241
75694
84788
73685
51579
33664
17606
33760
78076
15585
18118
91440
88369
33197
16202
73045
95470
42602
85163
17652
65033
72716
49064
94403
56804
23751
19433
50921
66666
12270
2458
35112
61363
86266
43778
68883
21455
12820
93336
36675
62169
46294
79420
28355
44156
5677
88972
82493
26233
38797
75007
93803
91743
75608
17423
36899
28365
19353
17737
80578
21945
25440
70627
9039
20510
99125
9073
18580
38176
4700
75719
70373
51382
30489
22568
5949
90411
39724
42527
31039
46939
4101
29026
67171
70870
18486
142
83892
28998
57892
45247
40513
40927
35046
15319
57086
62077
19543
55549
68956
98862
18606
48411
83463
12553
43992
68683
43656
41932
32281
9786
17332
89171
6299
58428
62860
17611
74171
41356
6751
87355
97863
71139
92755
75122
66371
10010
59588
92651
17852
6971
7622
94123
13433
97075
44192
30973
62424
39657
51063
5575
74955
74486
69392
93909
30771
67420
97292
56265
66653
74639
65973
2758
75536
16940
75410
60547
97649
10699
81701
58283
50203
66528
96619
87758
81
58476
76673
15147
14921
45015
34081
421
87408
20057
58078
11992
26546
90805
4204
26222
20722
42247
22721
72454
70643
30520
44051
79542
42451
20553
39882
42901
93965
61808
17592
12405
80086
44886
15804
64294
31776
18363
7979
41530
8119
55244
99529
37534
50786
10339
72993
55376
89300
30585
32086
13668
89132
82668
620
30846
40511
55700
41229
94991
71866
60236
7629
66953
95928
17154
33707
15174
35680
85575
82010
41954
72856
50372
57830
42361
22542
32412
32861
97337
77598
20044
97986
84177
44081
78808
24685
85618
70235
82686
51139
35350
2507
65939
67477
4864
149
37486
32289
84065
18047
48654
5328
99779
45330
34129
30761
48395
2309
55394
30065
62764
21750
56749
52231
54309
64302
46394
43349
19223
77119
14708
14286
97600
89600
17252
36889
15826
51560
90775
18479
27451
2986
68471
65266
12158
65515
6737
72649
67274
84568
58592
22365
6843
35891
74056
59388
82320
34907
55454
22362
54992
25860
68544
84867
34429
43933
28690
3405
98437
68557
93610
84715
67995
79824
95266
3347
42550
71845
77824
75643
56508
71959
66455
83765
57510
72850
10793
49129
75008
53176
35585
13109
15331
87718
751
66800
12045
68576
68831
91310
6719
26332
60719
17448
76930
78699
6707
21912
57776
18481
95232
51942
77132
84464
38848
72033
4820
44504
90675
1809
42783
86857
31351
35326
75618
9055
37383
74578
66480
99547
34292
9822
59122
77125
58441
32101
15456
19150
27544
59720
201
69078
72431
66568
75955
34394
76510
26981
98794
61798
42785
23920
30627
96879
52894
56067
34084
85714
7873
24211
63543
90261
61215
81672
75196
94173
59714
50438
1298
75693
77351
60282
82480
66603
42410
49097
99255
3219
99226
5884
7211
94405
33626
15670
76826
96169
37840
37874
84674
84575
95203
65564
95012
62069
62763
64698
85339
74689
54402
79988
91084
79801
30195
79513
69049
56914
5469
54412
15240
44721
91961
64224
84436
40888
60036
51504
3773
21649
38059
93014
33834
44078
19254
78284
88281
75760
24817
23999
98520
69312
69664
99450
72924
76301
10500
8667
60130
2811
5729
70788
6471
74923
9981
42439
86679
63873
7306
24385
35791
89350
78984
38138
84984
4738
86264
5195
44467
79492
80960
43131
53690
88268
52791
66609
76422
69582
7831
45709
73292
14089
11496
31732
11239
36781
78357
19150
93096
709
47674
95238
50827
24640
54319
92667
74456
45305
45362
64938
61922
43053
45111
91422
87899
38005
54364
47799
38419
95377
92735
25199
85749
49088
8849
97181
31953
24049
60499
29681
73795
13430
8397
15119
49610
56020
17555
27682
70082
42070
11923
90980
83310
1118
55782
98386
24783
37817
82825
65362
15532
39923
23939
27268
18181
20668
21345
83480
10718
13202
58820
1756
21596
1673
65797
57382
79499
45353
2924
82003
803
60941
12
33397
63410
33626
70044
16132
83930
56584
80580
20615
74881
76137
95146
47197
32240
16468
15312
4118
45332
31572
44717
78549
17523
90948
7437
15507
2105
56600
88354
34305
1326
78957
87038
25453
75541
93985
54910
5735
17753
67213
70071
84638
80425
14310
15980
23094
56708
74193
4479
43962
78363
3488
23634
4729
28417
97323
55432
13144
54981
89608
44638
79954
9338
57968
18027
70964
49051
94634
35102
6243
82243
76011
53257
29994
21952
88556
23329
64440
25182
92538
77644
70300
79881
6717
27320
54627
15063
65819
97015
8048
38069
10636
26753
69063
897
57323
117
49265
10293
96870
17769
36994
23317
58411
44509
27078
93797
65976
85885
46943
60417
37003
87888
20541
22223
98463
83624
7002
5858
54351
86622
98620
34153
55940
61214
98875
44190
33281
59362
59119
30940
8509
32905
63798
82783
62481
329
88319
96783
13583
52015
67051
75854
44753
17572
73090
24908
31984
77983
26789
6583
24343
1856
3410
75281
98190
2976
40109
34496
51187
38773
62078
19889
67690
40086
97875
78881
68808
59993
74175
19822
76834
40001
16126
47718
44168
76311
14936
5292
6898
31377
9013
96390
99218
10521
2344
67499
84772
54246
48409
70357
48368
22020
14723
95330
74366
36983
80275
90355
49751
88853
47160
6957
12302
80492
15797
33807
51017
79177
31861
2390
20966
61561
5356
94190
35877
89684
19159
38424
96238
51332
5296
87163
23913
4257
14753
42173
99016
30076
91185
38142
63234
50550
20363
82573
79884
992
23010
79755
93942
3462
84325
31887
58428
64177
30133
68121
73735
63922
28194
12327
36382
36132
15757
43708
17004
65581
9792
13932
34259
43123
98211
96617
86822
17134
3985
59080
10892
37017
42062
98454
50270
12997
60475
23827
77175
70928
25525
14201
68428
96780
89666
17069
12863
49052
60035
18258
91925
42423
27954
70027
51776
28026
78182
72359
9935
98350
13071
35935
92511
22930
56951
93443
62991
62768
3347
99689
93365
82801
32646
18791
56753
29164
88831
20461
86751
15987
48967
1034
82644
87445
5895
36770
86602
6197
51984
74188
79435
82733
78938
35497
38917
26194
25321
51230
47906
19318
92166
53170
37142
66942
61992
95531
21787
13304
88754
2180
11434
16315
78459
20058
49025
92971
44129
36146
75594
85038
89072
73464
26705
59875
43431
59611
7273
87625
57780
53108
98490
79710
96175
34556
44788
65154
52897
94731
17954
21834
15464
297
27382
84706
27698
7347
10774
10044
48888
4536
5123
39212
13587
49534
81838
9966
20560
23843
77567
72662
11005
48732
91033
81987
3563
71666
41710
6222
15690
48528
29369
72402
4009
77523
45307
13937
60793
59666
95654
6353
25462
70492
4801
80504
74238
39859
3163
5432
14824
12865
80562
47998
10508
22820
337
75308
20551
14575
54907
1906
66639
34380
79740
53524
17822
82926
22858
10001
38372
59067
60374
67311
21140
86210
15073
98379
58097
20790
43481
25421
76512
54616
17223
10746
43189
81349
73800
11226
675
81641
82248
68151
74195
33964
6686
69009
4430
92902
52019
73178
96239
96483
94064
67295
43175
34839
49012
42622
60670
12924
88889
21633
57890
79192
55505
73024
58446
49325
54939
90429
96772
42489
70977
85554
34580
81783
31921
48909
84329
44480
48614
66832
42929
88272
83717
20243
69453
38036
46151
29327
79732
80186
55631
16671
15385
17268
63458
80428
28460
58137
31978
62629
41510
83568
9562
7561
39028
76353
46646
43367
1506
24633
70336
5879
54258
347
7451
6385
86815
61134
18365
45122
93972
36898
11596
59032
59543
59845
50760
9952
22642
19211
28780
5475
84361
39114
77640
71954
88250
61550
79806
55985
28260
73762
49661
60792
66506
16613
40782
95118
57575
98691
21252
4978
12193
39248
9084
24349
83000
35861
98376
9813
30847
92461
14670
47105
27284
63001
4794
84930
11911
2353
98892
20413
25071
66958
69011
3564
1538
4806
93804
61734
88446
91873
82673
19846
33554
2973
91919
69632
94448
72154
95574
22642
78376
27132
85732
49591
59286
79987
17982
32428
9328
71708
90654
6242
22816
9435
32725
1892
2938
2008
30141
71403
67418
20364
16711
28067
44699
27254
14712
41585
13136
49405
45053
9121
60764
44567
67169
1429
20578
21790
12066
82968
89688
48253
59337
22017
50998
29516
16312
211
2039
23728
16361
99873
3998
43247
62882
94842
60010
35644
23796
99033
4371
28959
52445
91954
24110
92064
35586
87086
3615
84021
68890
43870
66687
99330
9596
17093
88795
93014
20194
33726
96161
19940
44119
93440
90400
71713
23043
676
93048
91894
39675
88043
85324
57810
37211
65250
66717
53492
30733
47448
49225
66283
10296
40667
93572
66193
65745
77041
70214
92550
26308
37688
80066
63815
19858
30067
81892
87251
66172
78752
83520
53791
91161
41986
90689
42803
99032
33058
66675
56489
56302
89571
33141
84648
35559
40868
69903
89638
81714
2334
76009
10606
22446
91331
15044
95382
1268
39030
89110
5462
73808
27059
85106
32366
91311
14194
65523
9515
76475
37462
29037
58269
43657
61892
6582
76811
42616
77788
3167
15950
56541
88648
82429
40843
2246
54776
49510
5382
47448
47185
37392
55716
27461
40126
68766
64658
27342
46068
17518
76989
37632
40454
31572
87442
67785
11956
87958
1696
53807
34316
25690
10057
60677
67030
4435
95531
26207
52629
14520
16070
36324
51939
72035
15826
61200
61509
49919
25426
10880
86628
41352
33563
46946
56630
85142
63627
85439
78047
72689
17343
28649
90404
37823
25097
4845
69436
33886
30821
17295
27053
35463
18538
50057
6406
4137
97818
81753
63919
72486
50839
52645
38029
67181
34672
59997
91858
32351
5803
88976
34938
5487
95493
71031
68293
65267
79037
88525
27330
45158
381
52123
15353
31417
54688
26775
20876
67640
7470
89273
20930
35095
54349
7319
17942
82709
46069
17690
22538
25620
82547
47155
32907
9802
34186
61898
12329
78686
30567
66847
40000
86544
62612
15828
43181
66701
60071
47378
39487
46606
23801
31334
14585
66354
98602
72334
4714
98666
65849
3042
34178
84171
10900
63982
38875
56503
19739
51419
6793
662
96318
27366
61712
34154
74301
44870
92005
63373
46497
45093
20184
9091
76754
13434
76477
21580
57346
33529
30967
97204
46146
77047
44741
99260
4259
9458
42665
97243
46894
42046
80225
27154
8792
86375
96264
18388
35467
1044
41443
13058
16880
22331
26853
59882
48370
12379
24433
34491
74687
53266
4332
69652
23354
34753
82389
20033
56775
32272
35518
91909
64095
15161
59287
35105
18912
68320
27134
35123
98087
68285
76027
84816
88236
46642
22376
87678
49068
89353
45337
60658
62630
69138
80850
8417
7083
23025
33003
44524
72901
35326
98842
56369
22852
12621
32918
56498
69831
67476
66446
15087
5504
9308
96639
31269
74205
22984
41022
62676
65645
35203
68090
97564
77483
18678
81970
53575
62282
33179
6484
54829
40515
78364
24447
81838
43528
34958
77917
84762
44251
89258
53376
81958
65209
8630
12528
10103
49084
60686
29981
71229
45518
11111
28466
46789
70135
37539
30555
96889
28467
25059
33971
57412
27366
41741
2170
69268
65083
57210
55218
26298
41689
2655
29650
82902
78036
51189
23956
25272
25356
50950
6050
84188
70308
17281
91180
66895
35250
54955
72877
63184
46883
43513
25934
46274
35916
39065
18428
2861
53347
30608
92218
24345
67486
65531
72726
91917
22241
7240
30071
83502
31343
77001
50083
37745
62580
84099
253
91272
76597
68105
44530
63296
25002
84858
19114
6178
87002
32873
78052
23372
80625
23401
21386
21252
53748
69440
82920
37099
94564
1567
91920
24722
27741
95745
69256
11973
12269
21206
55140
37163
79203
42993
51803
43414
8388
32882
14810
15866
2649
46471
14250
52544
55978
423
7971
68409
2637
14446
38777
57471
85101
32697
48203
97706
53250
16197
67869
42958
45863
88595
73295
13276
77187
39410
24251
67320
14647
66862
77067
98569
75818
57860
63256
67597
59869
72399
2551
44532
11840
23003
5289
62600
55410
89223
21687
55395
58579
57394
70805
30454
25923
98059
93703
46355
80132
74181
9562
54126
49475
5435
46319
99172
28279
62444
18641
65577
79261
30402
13906
19663
38186
45214
54534
57245
49486
85513
80272
90307
28987
90396
53897
21393
39721
21777
54637
22630
42969
31200
42872
94751
23135
99961
12670
16889
69011
90416
19501
19964
84947
99240
5040
32411
23588
54332
94355
26247
55440
31890
86996
8675
25648
88168
1365
23218
51609
53012
43698
7719
83193
80249
20336
30889
52160
90085
65453
2782
23361
22173
8846
23261
32469
75716
16578
88063
38552
95226
71594
56525
85318
72896
63105
3429
43377
21790
86608
70535
82517
78271
20172
19413
2083
10487
45411
42532
31580
17387
62040
0
