5140
8973
2980
7002
1798
781
6005
2879
6257
1340
6722
4008
4730
1557
4344
1587
7813
7031
6804
1386
8470
8147
5525
6326
2818
8194
9273
1228
9209
7645
446
3633
6215
7118
2232
8042
3289
2747
8241
3183
160
877
6364
1838
734
2706
8424
6852
6573
6323
6948
6250
496
1280
7679
3677
4509
9873
1528
9543
5444
1232
2589
9279
6829
3867
2935
6000
8638
2224
8185
3629
3654
3435
4959
7859
8922
9424
5486
3311
8560
5460
2050
4871
4828
2241
5293
3466
7022
6860
2049
2214
2133
5091
6208
5107
4663
7178
2299
5883
3660
1862
629
7020
7908
4962
6472
4260
2650
5715
8999
8814
3297
9881
3725
1337
9548
735
9393
1208
8175
1208
150
8277
450
5893
6218
8855
6526
7364
967
8599
9097
9840
9207
1742
5639
6117
9979
4185
485
4768
3528
1884
8932
5374
4104
9389
5985
6079
298
7408
2468
8463
8518
4851
2956
9736
2141
4966
7229
9674
4197
9073
5187
5503
9623
2637
7529
6003
8332
490
5117
5526
5738
5263
3904
8014
2787
7717
8900
3192
8899
8625
660
5500
5845
9109
3636
965
8356
6581
8636
9559
268
258
1622
128
7693
709
9212
7673
5470
3772
7095
2978
2531
4994
8551
1022
7267
6025
268
8397
8848
5361
363
7332
3596
2796
3745
4548
7484
848
8212
3857
578
3982
3878
2113
8091
7534
3212
181
2840
1664
2720
5599
3315
6760
4837
4694
7828
1952
5639
7570
9665
953
678
2989
6690
5794
689
4052
9361
3941
7709
6201
1753
5948
5552
373
2870
2031
619
7805
3477
6506
9752
6548
5703
5009
4383
7694
171
4394
7431
630
6015
393
6033
5142
6258
2552
3949
4328
7467
7713
478
687
1704
6451
5331
6484
9130
5624
4468
1956
869
9458
1099
8412
6030
4395
1258
480
2103
2323
6996
9682
2093
4712
5982
3640
8852
3935
9392
937
3230
9231
5275
6938
2342
3404
461
7677
3325
8568
5768
893
9874
6586
1612
2712
5646
1385
2547
4989
1235
223
1226
7671
9958
118
1887
2508
8736
8494
1182
4941
4392
2136
6129
4453
4387
9181
9410
9714
3019
8078
8305
2004
3727
805
7017
5043
6147
5272
509
304
4695
8681
2978
7606
3263
7397
8216
294
9120
588
2302
9021
4067
5331
9511
5556
8324
1301
2907
1810
4481
7813
9734
7679
5838
9082
388
9080
4934
7436
8744
6882
8456
942
787
8398
8623
7529
6348
9885
4970
4455
3093
6601
7797
1937
1196
8901
1596
1084
6386
3460
5723
1599
1338
7783
6759
6462
3821
5221
3357
8693
8316
3022
8284
5124
648
3493
3985
1713
2408
5652
2789
4609
8590
4409
9257
9553
8724
2650
6734
9418
7369
3709
7286
8006
4372
1426
7216
7761
5011
7931
9393
7301
3453
3536
338
2805
8234
6057
7113
8362
8859
9759
6051
9892
8829
5402
6248
8177
1621
3019
9762
324
7929
6480
6074
8833
6374
1113
7837
7347
2272
5712
7598
8743
8789
2995
8529
7305
0
