43999
512043
977783
717887
444499
93583
143852
650039
993105
549081
990411
116975
738846
109234
528519
145749
412321
859631
579292
315615
782557
715375
210780
774319
747163
228577
558485
137498
25323
814601
337553
86495
347278
821580
816594
455952
33488
212811
108245
479634
850654
227365
791200
199944
721042
95633
608644
611796
359084
906540
348738
514550
282838
897606
333821
974076
516825
496236
5887
786481
654033
940161
877570
464416
889890
346218
990366
233104
86922
913833
9456
210200
984149
811832
645263
79922
464379
443492
206278
232951
283929
230004
567258
635429
694911
568972
906870
46845
560880
163923
842815
33989
781383
275782
169422
961648
405308
452996
793227
887541
607298
886667
164750
884316
456037
543621
76098
292568
964322
600197
650178
396350
41671
122635
732131
662151
4494
156669
277084
534223
288370
689689
140762
150549
507344
703397
318526
937872
107562
896778
901312
558456
243099
873403
631665
920099
860094
494711
284379
803191
513727
563057
87369
470936
613262
100263
775991
83661
309094
751486
860215
79629
861498
314160
128605
811617
947881
965851
791774
745004
86487
715361
888287
724430
785338
275034
988545
584591
648121
693552
350058
688675
989789
720782
635251
940746
623286
175668
648743
615425
478937
639363
506775
901321
272894
924390
183554
686054
317696
286662
580690
601864
449892
210486
283251
73174
576753
831706
663162
566841
523801
143490
608040
943374
860586
669959
196156
969070
617692
531338
515996
217452
874750
314256
339845
346744
85633
383357
747471
897770
971323
153417
413242
290804
223457
571689
327723
83199
349483
213402
731271
770532
349172
406055
441301
693230
343526
951157
783450
296724
263296
141958
692663
154323
834817
959541
294219
668351
59281
957471
128194
475367
956013
75337
786460
175927
727741
159635
967704
445748
749049
531642
492287
278139
724224
738020
785799
551184
565941
449995
660294
979566
967926
351528
157246
291684
961071
427243
867726
882836
748210
416297
868670
350907
638770
90790
14092
253119
528731
76808
374740
840626
925151
368984
30672
547751
946039
784897
204695
454260
351864
988529
268322
902478
591634
295282
892502
212641
728217
37802
659197
312142
339571
106477
548974
368882
406441
213726
109757
854200
703142
760810
258205
100704
437849
781798
122817
95465
83968
446612
162306
630449
432876
702417
756233
503011
918085
741552
506813
152689
3943
325114
856510
666717
503643
199486
995049
671988
799142
837576
66931
21856
138168
351162
993560
252258
596847
449384
664517
394250
280027
334062
401128
240208
909231
127693
976006
642524
754012
557082
835028
122883
893385
785083
710256
658186
214788
958477
42336
478402
717160
796088
867239
505325
810051
335104
376619
85088
222859
421872
328285
793172
441067
258436
856278
433953
673417
405605
577482
841002
733721
561568
299367
254278
954725
477340
241821
398481
577097
523442
640873
316879
470259
490958
755331
785546
111664
247746
348600
421253
184488
386084
293011
512039
759732
758650
968164
277418
363738
114222
860272
242247
672115
561194
577896
562001
475730
171541
471369
168582
120785
857719
846159
306760
817627
291548
143113
503188
165160
664777
611748
563898
973121
377044
735301
37944
126163
914815
65734
481159
270587
748592
304325
532149
594346
416522
630748
660369
478102
370396
829618
944239
780991
511542
672963
736083
57934
118526
651790
81793
276002
708918
175188
120928
65655
310266
493225
142429
878799
449267
901213
240165
386522
921507
447520
348857
694370
5676
762398
167663
691946
942544
534983
958823
122504
828867
239704
987
612563
45273
837985
197265
952275
209255
284476
320889
704891
621105
988345
61432
696957
247768
985281
914010
533132
416182
139012
230997
879697
324207
215402
186681
903160
241321
608068
872566
491613
710359
922077
746294
101990
155723
375229
865476
286485
534276
758785
625717
830206
104993
539964
697016
431079
681168
287142
206372
506636
458640
458074
746693
641365
857177
497191
487852
637258
683423
975908
140810
228588
672952
290274
45748
43529
281
173591
178117
858081
72699
590447
807608
246042
809040
910045
868635
691790
205144
622364
169362
391655
932097
152337
400350
536410
522195
596881
738824
665242
492556
377574
489387
717903
69711
873699
81661
775575
323424
102700
235440
951138
775592
732723
652347
830876
379495
271931
587025
852999
131619
951597
251885
938432
202081
535223
934575
222637
789199
144170
936957
316188
287797
554180
147891
941206
78035
552233
922664
294962
377480
42973
68111
45713
805032
673558
64588
358923
611931
61320
549044
862253
818263
130876
339515
728778
921390
867492
464327
25925
58825
511001
912000
617214
258535
61987
549072
831534
781289
229801
930951
264354
688581
246366
658183
31272
511964
387179
131021
758856
522901
154869
769482
772096
363941
52102
343002
111803
746645
127426
308979
277973
225576
839988
452535
976531
972400
425075
974506
661151
778055
586376
471414
825837
552339
132580
122901
87432
890498
494113
988185
441235
2365
134941
919193
757637
116737
764801
621998
805946
152104
532786
481533
611485
523051
907206
726602
381220
544117
179577
584073
492046
973323
458253
36989
791910
641564
423403
310151
101167
49240
786301
873866
83646
158914
259760
838783
691654
107090
444500
574697
69013
338879
929086
597624
932435
872152
3535
384692
998004
359260
635895
939741
728901
176929
440439
103599
6213
11758
354038
739912
389515
412109
633363
790292
479573
718908
379198
881477
560717
904864
169339
15418
323543
267742
354827
362487
116734
334667
492243
460898
740455
447431
486801
891157
996120
233855
944822
819050
748732
200051
296987
487916
587899
969082
787011
928012
778622
781530
122547
565962
182845
115404
617386
990535
957350
877475
33229
803793
58440
984569
930641
97985
654569
257360
820603
463101
53003
515015
344134
442135
494916
788884
976162
911444
832326
683152
809151
536947
494555
42504
578525
146301
613699
969465
70074
957966
419470
240675
675776
807749
439097
538743
834701
811544
377640
876070
636738
698265
952141
222716
235264
502583
630867
767456
820217
459810
627633
610148
59490
198255
981551
327676
562348
531019
521991
481441
249655
533929
137402
883114
602553
490543
20833
487217
316553
586263
988965
245023
170916
257066
726605
52997
630974
938911
450148
427721
809875
610510
116797
625701
187836
916201
762755
676735
605686
761402
524358
782314
435347
783102
387057
360459
734233
94044
924049
371525
176485
318917
712840
16059
375952
10511
706466
969619
722257
528728
754054
411937
251258
48704
849518
385145
811065
41420
59397
146922
622609
55942
468338
923839
877146
934215
664823
802197
344864
824988
43994
390246
606694
664750
439337
417107
257523
237146
632818
134105
175333
23741
897788
763864
416505
187160
541823
567993
421557
737493
673690
384046
262849
36793
191283
173271
71292
763188
169156
109528
135110
253069
177039
479574
953160
359864
181075
836634
864198
503529
464314
546307
531812
410311
349288
842390
864990
866895
111202
614352
630282
50867
76890
4237
728684
975938
504446
670058
254056
612
819919
414159
32650
818650
226000
386178
443795
414922
741471
844315
670890
535216
326021
33433
107107
266687
879981
378658
296401
37153
49593
22024
677871
417567
772780
56819
261800
499732
115476
498502
42653
40537
479143
318122
88443
66351
442043
153360
451026
811588
382730
836132
891519
201389
321331
39925
861422
236093
298820
805152
640436
847085
457135
41955
51945
339714
206423
989537
547944
964034
261717
705861
269917
722116
710537
765093
64737
598752
122282
692757
171076
709359
212148
360916
189831
709689
917406
680832
185508
776559
284440
793315
647612
571043
823045
431066
219928
728946
223196
388610
817545
931234
714989
164227
749427
631190
127424
121381
144247
798402
332220
465839
51353
904764
833355
131691
92936
149459
180348
441266
512103
670968
5937
796867
840490
848507
291165
456852
779199
645588
680954
617023
723998
778274
460536
380630
379150
745527
858410
355968
80824
189192
500564
552564
140520
461808
965787
105461
660337
386367
653174
408919
332734
217918
402397
492719
924098
405685
687094
968997
693253
529177
653671
762002
841781
818323
568379
628350
641784
878971
822894
162367
740913
762410
776135
644211
441787
988443
701967
549078
791254
720584
885889
989154
629568
256432
705157
910519
465373
332307
179111
507365
553170
451724
353162
855543
56548
904118
769478
84123
958895
318922
245033
14733
996284
556232
258099
453283
132792
339468
854690
423872
589132
926951
258498
635757
944449
484073
864989
500614
36235
428105
7676
227736
624719
294617
91347
649117
482325
710004
520255
652499
407796
827618
48172
40058
360038
301500
336689
695985
251923
993781
414050
253511
396875
791571
490969
517838
740969
39201
99306
653748
959305
862682
9138
521980
824795
516550
521536
185843
330563
883065
121436
333016
189754
507173
595157
759222
490400
215861
220657
787290
834153
72098
370668
469071
408920
975913
258724
528764
729983
239821
571252
139867
648182
412389
661386
243998
815073
564857
539276
715205
891214
647983
564080
965127
302271
867312
467963
607324
696055
51536
637816
494745
118351
41061
805738
357847
276826
902161
524446
743115
725499
187475
832558
703403
453325
347566
41429
261986
204725
656350
610695
748605
917950
66479
459584
195518
912271
227555
837154
124031
618302
680189
425943
387326
316652
853973
28359
794677
215078
471649
735134
976576
341457
166834
447784
984675
69714
42384
816680
321891
909081
251129
268627
35899
43705
642071
437410
674696
529110
60191
715158
18198
373917
181351
75012
853245
515138
394255
876031
688028
261586
919492
566115
240665
611121
986636
367400
108280
901246
967908
921079
68645
724837
234775
18130
300795
18010
531542
674936
957718
259338
302046
574886
158423
102018
568503
483259
918452
770998
17713
943844
418291
105352
207554
549574
134247
148620
947753
238586
248782
906077
872074
72581
360249
291786
661352
11797
220858
442561
869666
638830
53918
646932
353892
49188
763198
121038
851447
425194
942890
395753
545727
482681
837255
573981
718288
925119
464030
479799
227752
534348
508368
37200
56522
137185
429712
116723
868102
893507
24472
22964
744758
710856
240532
700158
292009
366431
560224
545157
618363
681462
119945
101684
510311
345584
630601
630367
138521
137071
531785
337772
447547
690890
757990
106069
978463
858863
871699
709646
369037
156726
209408
12637
988137
734283
156439
889016
293989
542655
504770
994093
597327
545612
600941
570140
762366
667531
349693
969004
975539
534900
941200
673426
516575
527130
148222
469290
722
572552
512898
880356
856303
806611
609241
909011
202240
172403
268038
708952
388870
746112
599550
631961
160448
215900
103537
966051
777328
551849
23655
771114
880087
132024
872466
25697
496537
719180
87486
568219
374672
405036
353292
893497
532674
823195
209423
530383
493642
175569
898560
487911
593172
477730
761690
681012
392838
50016
37300
518580
576373
383518
144351
799948
975022
730405
334850
651332
302081
934736
99924
984096
590236
130897
929900
549890
355698
159426
911587
753202
332674
449389
112439
1179
375302
256103
819965
302922
68287
101133
162218
453894
714508
283271
722717
378219
753247
240828
134768
292822
702109
114233
651531
554517
286212
782003
906727
869422
648116
2070
289639
712291
158493
670134
286547
806130
826853
895508
558958
386191
463829
63091
273453
955129
202858
328233
121096
58879
375085
969038
235303
187848
340711
256881
377673
862674
279096
907086
184279
785012
903487
876929
115162
836310
648049
354539
163401
762132
299304
186856
428351
630573
105265
75308
388449
474805
624909
840791
484396
532112
60383
433072
956120
98943
628333
307539
881773
710032
81760
882323
406314
539494
497003
456507
913439
534225
657506
481971
651367
379892
891381
986189
916922
250822
944608
313815
164465
133669
550945
844597
210726
998513
921972
493729
524323
958908
772013
387094
719292
722086
457764
428553
606192
587970
652478
822697
328839
242275
359327
102188
728488
426685
20151
266605
870050
79982
726340
200484
580764
402753
545994
236340
384300
527827
826249
976272
670689
738293
375081
584426
514348
966154
88137
921306
35471
844530
322469
487894
736996
953913
933861
371752
403750
271552
844634
66398
858479
720341
69929
951786
672575
405337
410915
728830
916920
250801
337036
604523
232868
520677
614002
324215
922736
164917
859884
594013
500823
250247
601371
766193
354948
441291
608274
348227
623363
442206
940901
666562
521708
104965
894583
896838
287004
481945
341419
809829
921075
894730
38811
171122
569265
892250
728532
648454
177121
747630
520847
846843
897047
794584
165442
709943
278399
563975
733985
965355
927054
49267
989950
732632
964289
775705
563782
994407
152666
427943
907536
165302
3218
422265
535121
951208
305795
491809
764791
671462
132973
780348
623998
924860
422650
531830
288056
113953
568923
722656
721623
351344
413197
629085
587029
885024
353341
394956
149280
408260
777997
405433
760220
69121
944669
486972
454765
504245
159265
520486
566679
551900
553815
218469
897843
720438
920235
272957
828063
724061
79699
829535
246838
242142
730379
671504
876728
783424
826802
697112
1504
502114
503551
908090
636097
526944
386612
718626
923277
374756
161156
736879
455231
394584
89997
967510
46206
921552
786569
372914
203007
206340
804938
696548
306049
960581
375698
924683
760105
8967
439728
700100
951457
525408
554163
897485
506486
723869
393962
465118
208654
470883
433323
934763
528906
594277
380351
538710
630009
300215
86108
83811
174793
762667
655579
916056
613318
904838
308024
901506
628830
932667
708128
620540
142278
481775
279262
484891
218399
983790
739843
20346
163888
544250
271688
276247
348358
760
90166
305367
76456
10815
943569
110013
251416
987227
843874
441464
145243
904307
151776
307956
316252
766127
868329
276036
712767
827681
454625
805331
354893
874757
891324
387968
211151
168135
916017
667568
949756
246736
509882
865076
198732
502817
944357
642641
407746
919927
254789
679855
408519
175906
655596
472750
156382
341811
134009
893498
666698
40766
472235
876974
969395
366758
403198
994504
329190
462395
785617
676219
630630
657308
242997
280314
484307
437523
122599
646356
269811
158869
143613
350958
209613
47289
259166
544525
846883
370974
695871
847947
704140
381872
217517
876161
388820
892054
288182
450947
845228
211845
905576
377844
764450
391797
706147
212756
35742
748927
864211
853186
326336
205391
8338
554834
699468
568092
787494
996485
267648
452677
782115
495009
556677
517353
948894
673730
752477
305578
897714
444380
848021
200624
943149
436077
542842
803439
882370
784904
621482
629794
331013
61641
377402
204825
390934
848505
187994
637644
777695
946850
305592
82918
747973
734957
329277
546018
879444
949492
851324
898591
613949
928593
214130
901812
381179
840957
330323
881933
805537
335981
251286
524835
634863
241719
806255
343246
445787
596551
588987
862475
152642
34320
780933
331810
861490
288057
354179
875755
790028
975930
502187
471948
493939
833763
833693
610087
181974
241947
926849
316834
638435
135023
290510
268907
620217
169835
714894
770874
495756
670401
323531
932927
621620
791228
413611
234962
354637
722646
598278
396193
735615
896842
291905
692086
281905
485404
220272
701299
283431
103337
454338
902234
804590
53802
348026
947652
729516
938146
22794
236349
564673
391826
610975
815959
549735
412177
413930
826814
701828
190444
709742
995322
850164
721654
295254
317311
364455
934895
504429
999703
585969
654236
976770
900145
409357
430775
846452
433507
840359
595278
340058
357234
47216
452949
877878
828911
59451
988635
717093
926306
503466
883540
109654
318083
188007
53406
442608
995778
502707
23532
821475
839629
6076
809693
809807
485652
197180
216411
144691
900868
9088
335424
370947
870904
400938
48356
78579
794860
780715
287531
431493
476203
804951
610977
495654
10819
117278
123293
370728
148037
154682
161450
49890
257200
898011
644662
325689
551009
899987
86357
984907
443397
393191
652840
194141
254965
326760
710715
890617
261977
887576
524469
406233
264478
563128
738669
937933
197132
17776
266398
464403
792883
346235
497553
806893
315918
95141
703628
899971
134505
26401
222869
784247
492955
116431
245580
986969
654845
11611
221134
511216
759501
276140
648752
489079
239388
891474
662050
866179
382734
191703
243346
532981
130599
914999
87265
346686
748834
878859
676517
874715
207382
382901
480474
769358
982879
854495
525633
128249
694862
434278
6548
850145
676758
821329
501901
544494
118897
456180
532652
129112
38626
211533
640445
208564
309050
629723
607490
34439
806974
915686
813423
356578
837261
848974
386320
383559
199406
914779
464952
100343
159129
631171
315652
587787
224754
119706
501283
353581
236846
992276
853789
251148
603490
84398
669837
311615
675765
1169
593634
323504
62278
256152
487284
54538
822263
682266
854931
413516
729047
298827
61713
825084
264179
524946
140107
251395
609679
664561
410931
21386
230615
586248
515898
787826
11822
726301
276877
702828
647238
853011
642960
935977
204161
148502
280717
917970
258306
864935
654761
771346
738491
537085
888564
371506
339672
88098
402091
228546
433984
528873
600506
70672
868968
140847
134207
147590
723994
970968
534786
296354
253507
714637
198726
960499
317471
482577
921593
90206
613323
660828
510330
362086
972739
260681
912421
820187
955651
371410
226224
123802
487367
91651
502689
109766
178598
412190
99198
788691
631448
752616
845679
574697
435758
573090
278316
175784
844078
231372
726882
693446
710730
67482
216462
859624
528021
412892
638702
887543
632398
598872
383401
296612
29676
71122
816277
996503
533719
231360
32287
79826
257243
682076
528507
493235
763213
525798
267044
677997
389879
827127
436459
995955
447655
406220
370985
384385
397467
110785
48612
797784
852406
521071
975753
409244
874803
27695
801694
42183
200981
631443
415706
394229
408161
785709
351134
151910
918504
987751
834558
646400
804231
175148
494859
483041
480618
723142
651427
246220
565470
607476
176760
261513
174522
204074
441108
326383
989183
995005
960695
50850
627878
485698
836578
272049
894233
428145
636460
582952
703327
266807
894089
106750
317049
620661
13892
975521
406339
628040
617495
255072
113855
341688
846155
740246
17221
529565
515550
783799
172080
810938
942240
914579
198488
723857
967916
867913
950339
942145
314352
716417
204896
467483
645985
767920
204037
44155
663151
254186
8262
518623
470112
494384
664337
891650
355421
40051
947181
530159
206292
261512
932292
308109
570813
709828
958014
979344
452915
651313
92988
501039
859393
414924
506464
167469
248004
652368
838661
897390
512869
685787
379663
29596
420182
464879
656749
786661
332851
335871
569277
186975
450767
533878
367123
832271
78514
974469
829063
682616
174714
960382
651275
749928
691444
484920
997715
245903
920673
789455
778843
435462
370367
353900
76432
700777
493140
866208
743660
461909
619589
684242
580176
971373
84750
892346
989463
291933
48076
150623
372278
704367
161407
514760
386696
44102
453743
884831
15098
202046
873425
636753
511661
363524
992215
113341
523701
380118
181353
85903
519111
561243
228568
667533
279321
536295
695139
821502
726807
215900
485529
423012
114668
872567
938233
646077
1482
519874
212472
135852
305892
469712
344389
383059
393552
219288
854944
805590
648064
123343
356052
606730
769506
98090
606105
42784
121376
370094
646081
343843
997850
547131
453459
848281
811477
469997
806008
253007
24024
895822
966111
929476
986415
947050
756119
940549
419753
203189
784354
58938
564652
320093
55442
609433
739670
893281
718522
54062
899229
101249
330696
115148
527905
708468
512078
545692
28383
578666
126833
461958
724879
277283
304931
300820
817152
893594
299332
781093
490061
323452
214160
405620
884743
294265
694416
831980
596312
457638
550190
139641
927377
984690
746565
564432
471112
348494
995847
226159
644481
106317
698599
89866
185223
863517
495745
515156
883664
429669
963948
875290
851144
857103
17342
727642
773844
82927
7039
535034
574228
557886
661424
458851
633154
352327
368159
458095
608125
232742
908097
412011
764577
939522
982464
943809
769036
311732
888508
142914
541865
46134
782759
5674
285582
139579
921396
661166
104530
514083
77737
43644
630849
987114
97904
435283
432009
830086
891098
927440
370143
505504
686579
627832
732397
615587
441863
594408
318919
577810
63933
808601
728932
318957
692008
358981
353191
951371
775016
154688
972799
246635
774563
394543
806440
362971
64378
999734
599600
157965
588582
581381
700557
927342
105677
734477
407225
177189
417368
175364
993728
621882
176128
607409
266821
969352
512561
313577
890894
585119
775855
895419
839577
564752
382611
899866
135268
847877
743930
986167
792815
498849
418812
793897
589251
796327
671037
825589
468330
41539
204332
440553
407718
301819
311981
464935
853680
293517
321540
836930
633230
343159
766579
556089
893406
527105
459957
677955
768485
580323
909676
116007
12167
573614
526678
280542
715885
187003
121900
227675
928506
600234
878292
64964
747121
522431
826735
752466
69901
986343
658479
610540
557025
668111
504049
232551
685868
472307
142754
881196
837003
702521
386051
489508
445268
672659
507836
449680
514763
173384
164757
180210
585153
410584
82044
561049
517684
105511
418149
434009
970360
54798
310012
833135
338612
906738
849621
23646
871157
728710
509883
494665
529210
98215
392478
116111
220976
21386
731857
485281
362422
616251
777501
105201
133108
156875
897534
386894
677447
300945
221848
573567
870473
511399
843367
606304
642224
373048
553515
500012
297667
9170
682416
941821
478839
841337
261251
762670
271770
275416
596535
67785
460059
404347
86987
538783
897836
313381
583413
988516
738421
196300
917478
389306
232614
675871
992562
456782
891657
330613
540910
40107
126669
187806
133137
459359
449366
878694
97783
271530
765145
93638
109462
227917
807179
860922
448784
997227
247734
861068
933008
88199
181970
794587
936026
751152
277174
447839
626574
317286
399499
955758
221182
697848
323907
623570
971945
490372
811791
530835
651697
451833
380276
21255
582649
789643
429711
236809
22523
593779
142530
388817
964624
555465
889317
675623
780799
249339
686965
308962
113235
611593
411302
84217
616680
264701
230899
613990
613779
207090
169638
887920
223391
564066
47810
750806
87988
732143
795784
342524
468281
472458
290053
15209
89732
397822
716722
802755
850698
983366
914902
486669
615684
645118
818341
391163
571644
900772
568382
804550
307579
961020
916627
109077
451008
144261
533452
178558
456639
759614
306596
985461
804453
29817
450868
105909
337414
573310
331636
613162
626071
839385
794559
794308
217281
997888
724581
677462
450720
712105
821784
702193
538345
771385
888411
743275
887217
849544
243803
538189
753869
155355
780997
488116
586081
546971
653987
224994
592728
544573
156127
334739
836168
241190
387626
826638
862715
505924
531046
314867
529318
818549
151715
797227
361830
933317
424991
829539
634463
601668
246222
882269
30464
44652
228503
429882
832445
755383
672869
199162
407309
486811
703736
920144
17865
692509
603371
328389
638772
237423
2374
146360
720140
775531
891089
914295
944694
608932
421354
469295
342658
816861
527087
925357
322536
574754
236927
16706
677100
579274
23951
383104
965242
239357
780153
224908
301297
312570
533859
941983
340874
269422
564691
908258
875045
889524
784815
417085
494583
890722
685961
253635
456602
542568
408378
961163
556621
129598
170893
947775
810539
293099
71288
887835
837377
785379
43241
234960
766644
585062
42098
744930
269389
537062
94737
381898
180242
39643
456481
474252
555097
50071
796864
108455
762926
459300
802156
751106
491584
92817
99827
669224
342899
172368
18065
810530
183706
6999
446546
587281
446133
955898
594924
368251
782687
329009
298725
425685
638772
484323
163265
784307
380066
831839
340598
625791
972709
988387
179631
493137
566449
331747
216491
982305
586226
343209
260239
665552
609216
551489
65724
619906
147989
984590
489693
388789
772010
600901
989629
241305
874122
855785
510223
69189
916690
899549
591513
250939
15067
585859
484852
831365
924862
741718
305284
334935
490539
781382
277273
45429
228055
395509
157229
617533
94171
904465
957219
116751
541783
64800
26689
718228
589714
336442
293491
622156
976773
502721
513694
9223
273269
288785
899526
511324
424029
491140
385826
110584
951509
892441
5987
548438
360724
136651
547262
565270
533241
27312
104320
313335
830534
117811
517938
263922
863628
741929
754493
766462
616908
464130
393792
510617
738471
396759
220969
641968
126860
617418
242380
553096
379392
532155
445264
561085
832711
292764
810512
777354
894858
16313
203397
310398
507797
907471
91492
269773
393609
978977
81332
425100
694001
85668
721819
743250
558276
149843
381843
189062
954921
55855
769351
217816
515867
720443
982739
144003
483770
867643
428198
407268
539498
638578
592052
418375
389999
321333
122809
490963
130873
425874
319456
676859
204944
320233
718590
157690
395188
282776
181119
786887
304268
541406
718273
502618
445417
329937
250140
285212
913012
615918
203577
468575
69913
267707
532970
228352
18989
197849
104543
731949
44246
999121
605728
707082
215971
584708
770099
700779
989796
35934
406823
232060
755265
273922
58795
238347
163345
651960
349838
614078
379308
940244
87075
544160
518563
981162
628701
678892
886414
227474
582471
604272
828506
399741
34974
884038
951498
214809
94347
973319
213448
310503
271104
439531
388557
633495
955033
922788
505855
255022
924561
374560
766670
243584
244604
913242
466422
569786
346126
192764
493770
529434
227684
312688
162323
800793
977659
324871
578982
423951
992559
678192
702529
486604
300733
650259
173693
703695
848418
988923
204038
519702
852966
405857
612988
137135
149951
265013
34840
239580
759794
73659
491577
664672
271321
472327
905745
372711
311708
699248
462470
743443
974576
393114
661346
767643
40111
999044
424144
88579
681125
83411
564954
356717
527978
4292
112673
852222
450041
463740
295674
805438
715545
326481
83300
797561
854991
181231
309882
674533
918205
220558
995912
56137
400677
303801
796436
427315
278776
321226
101120
855042
61466
858869
690794
10227
840610
119258
715399
183977
989082
589732
737742
282662
913998
698754
290975
823338
528858
825967
422444
806178
391911
767190
465334
221247
151488
381425
922919
748558
660304
145749
893058
579545
586831
47692
332483
663163
588464
76935
122616
437002
639675
886471
811439
874009
639039
324628
254586
838155
813111
623590
160425
75149
474125
70454
957009
789855
66771
235486
606656
75495
820917
97525
208370
540134
659693
427534
61587
270554
197043
643383
793820
835885
547383
980197
647523
31698
57556
813346
380170
539675
36640
785832
757786
612359
41471
709730
227757
273861
353461
553712
752540
363246
556481
880074
740885
87803
422252
22925
482832
818029
426087
835070
803005
449274
433446
608655
249434
412564
289263
476613
154890
585700
977339
644553
37055
683242
248673
507930
342727
373276
76985
630467
799300
436689
346267
53736
671785
796915
384335
1957
599359
278771
101455
140120
606796
93382
474890
424826
409794
926283
903360
630989
925277
557440
713901
583377
117239
654352
782592
747963
705662
284420
277748
134712
118969
551563
518769
154846
623167
980252
388300
883958
55240
385193
476013
612368
630977
47916
834655
104336
907584
906407
191531
90834
765751
466382
950187
887351
858265
21578
341405
502770
540286
625050
218353
684489
980294
286858
669102
118248
750480
460181
181720
306516
799568
895326
757135
339483
851130
119828
535079
778796
238633
216094
636262
304360
604806
435991
143517
79407
709844
597488
70860
354104
384811
716545
963537
235991
508831
121544
217325
75756
817739
970185
642346
34105
605024
165068
255116
229541
699326
854459
138567
875634
814386
277803
732337
598222
358252
114858
701029
325283
96185
910112
779265
189884
611907
791636
157273
822012
73618
125770
687740
796478
573880
70615
283529
502099
464845
422987
248559
845685
60722
681631
593334
795491
790124
251156
490741
456131
411205
623890
547353
66639
333123
699886
707179
853570
374515
256009
680315
700279
304682
786671
775864
816948
113046
199250
329643
199477
937025
679744
414933
241273
272485
963097
969168
313028
791618
925080
22756
590462
584922
808812
848970
374917
672176
726052
791251
377798
971501
358214
998133
184701
273176
987615
538817
998174
892306
415109
397190
803800
25690
695940
863946
970038
917630
725533
742823
588133
217467
51209
45290
815384
307554
297661
451327
948123
687307
493822
497671
629205
948825
995763
999408
333116
463503
590908
785935
632950
89982
579541
513196
835807
251202
652571
499253
828652
845801
452962
951522
674064
651280
247161
103670
136585
938833
588738
141283
1177
433377
707055
788761
948142
425336
306636
906283
485710
646072
985267
275816
456421
394729
726295
211831
807817
321997
616557
860033
372913
867946
928620
218916
805366
991572
998500
47837
149080
201199
400481
266357
91320
351428
689459
738528
765881
303160
222557
588587
413336
781957
988348
901572
18331
578409
875980
471684
853839
966315
232200
443144
919857
9505
302591
587417
705556
208362
949006
633567
422376
978585
930658
521649
698745
109232
533435
934188
750558
164306
563878
740003
497756
298463
303656
466942
891544
87655
167430
897511
920941
367110
126983
532536
151419
560945
418814
234452
582000
822928
254058
885963
821881
7174
185612
138277
750356
39922
331798
635824
456203
776912
173747
933966
821038
161332
888146
387495
894010
40149
145995
134886
490849
78946
72447
511379
467045
29682
579518
607249
145593
73002
339298
48106
113655
664220
773707
127044
551200
991391
551883
717009
267670
562100
311053
574979
613898
752445
653904
942856
903704
771326
561031
326684
395619
451809
328506
895750
629684
916954
947090
509999
604747
533441
933871
209361
500396
595736
345928
690849
751234
271090
764743
191710
253757
117892
612533
929975
713347
832320
345151
187081
715152
760055
710260
631636
59208
575392
21409
181914
856082
133737
434046
226451
182626
529489
685567
163671
582313
334303
127061
768459
805945
727266
926349
685982
343549
953903
75544
715499
724913
313980
281899
343034
377455
132720
376069
602209
614731
219480
429115
341271
143228
647992
674533
466571
6214
505701
992920
804832
232453
506631
667841
597020
35231
509552
834383
359892
550343
870913
473588
322544
5626
294938
629082
42762
221469
794026
456510
57737
110057
364864
179527
876585
396743
360760
886469
128867
778960
534822
726339
13265
32759
577176
341756
413516
941894
996569
187047
954487
986470
394425
274107
319073
12812
135279
629685
791456
197720
52182
669155
624496
45283
152355
469168
338960
950356
431209
882135
262585
477908
642736
237048
590966
726299
545748
52845
589899
314940
309358
346328
524971
510669
216909
808099
524018
371288
936704
977956
694131
404737
961524
220976
358981
551096
627972
30690
225810
375405
242730
214169
787430
481315
380688
919832
233634
282885
76393
889142
242114
777445
51108
356970
611267
553191
534677
975364
676000
306993
270813
332450
581833
700482
323587
217362
768604
551723
157188
923762
583524
158133
247798
328652
245174
993606
372298
993596
903644
446208
896971
30972
65486
286162
137071
130694
887371
870696
637268
609582
428579
47915
181794
948637
979072
771348
623293
826606
867423
691997
14630
218369
527684
713779
912597
617444
937309
926544
271283
909963
767560
369444
648312
226635
831098
186819
439680
883467
177447
474072
134958
449632
550768
867235
817326
632413
6294
144831
374791
508273
561155
573541
306559
942049
30524
975866
352346
524766
877702
866459
477022
265157
599262
98275
824171
426282
940422
587760
817666
317455
571987
982367
676378
781402
916218
168402
808212
449000
460818
656275
300902
643965
723865
598698
273909
626784
554160
398274
744128
107152
257535
632003
551675
279696
450940
598192
945788
586461
526633
65706
412881
280987
496253
319911
336451
10466
612055
995164
73387
120600
601657
745567
389231
873280
612780
230554
867848
827519
237795
33320
29522
362504
212001
999107
852029
397501
893622
68027
590285
166180
653207
489296
266330
940870
741511
173443
246189
420453
895755
615453
471552
39704
443661
594887
438111
294869
175449
894192
391231
930949
342322
870360
2259
47870
906791
498420
205208
978796
303718
916972
458504
552667
813668
511078
38026
13904
847188
157527
633819
428782
653455
889969
529591
913620
244445
36802
638523
838797
812369
400180
936492
234339
979424
909809
440620
447561
653347
300004
466494
409070
901993
926336
568876
513491
990
750453
875552
826992
579839
746231
40815
333540
29753
709659
69234
617257
64893
792945
168615
788284
707087
144409
289370
531704
789577
824376
661757
651177
955342
326749
162197
449513
937660
780141
407150
733529
397071
986264
792407
226805
797005
926649
860185
885846
379450
850789
394
711333
302462
824778
623717
228639
313215
526438
577343
497777
663013
654028
292447
794545
760933
898142
15797
984634
424226
457116
714246
995724
55885
27153
793756
30431
197397
848105
830935
252042
901698
639461
234829
85616
949494
554101
876637
851486
107610
87263
256564
985119
59560
245479
837170
600924
494108
987395
439568
533412
442319
740678
373613
545778
313811
549959
644806
415663
90060
115573
137855
479196
701565
734952
679784
707170
41846
944004
280603
23565
242399
149890
951460
596940
348053
753303
363818
416135
404102
136064
177153
363682
78779
55523
934354
800276
529718
291655
7821
972713
888728
264208
835143
405408
292592
962748
751288
395943
323001
652208
17597
821785
602685
107405
370502
548138
274890
235953
44455
205356
492119
667953
487784
781701
737138
919120
481578
577129
545551
908094
733187
667806
969892
141322
35109
872875
655609
988373
901858
102490
316629
805317
194133
36012
855550
580961
668307
442704
863549
462678
148075
617245
808390
127189
493731
148223
195699
748140
272382
657397
566182
941892
40059
37188
987520
745361
221839
660790
851454
942848
970874
358955
288255
94723
560960
559504
785102
857519
728357
77011
991338
440899
564308
724616
697842
13943
448598
69249
111357
852055
93251
755210
507116
950459
268717
745887
380046
14915
349446
718677
380076
785548
862985
904377
109513
97879
50446
303224
302302
143119
31588
549779
618058
763003
357621
90202
999802
569073
767445
234028
237850
998038
137035
598589
711676
296146
459583
919435
701790
322056
352074
126711
814765
580089
429452
975249
553236
722434
526545
182456
24728
839859
138858
609396
562718
541564
838323
35
986707
390944
558184
492088
182198
122492
402654
234303
461846
548758
195965
172571
261053
367605
718632
906274
434842
116024
149458
717381
898855
222086
907297
733962
683378
251265
543588
19313
144128
294089
148314
156827
240369
529048
516936
714469
126968
280622
762532
445662
647557
159334
673764
870
357203
418058
965288
745113
307242
585998
439210
201711
372035
153380
283837
877180
600849
465341
834397
677025
984814
145927
596581
637416
387617
592158
738816
507300
310238
653907
613941
900305
453926
430120
404199
729582
332160
939466
537793
290456
724948
522037
261925
946551
470480
484810
625011
738603
928827
847909
783868
153786
267789
479195
20164
484203
193143
385900
497145
51482
525452
425429
662064
27079
134634
864304
104084
462479
993069
85899
453789
725456
295131
381517
516125
698289
252681
711560
283919
159622
445611
96479
772430
111282
285850
540956
826066
851195
877366
995943
237172
392201
461098
469592
163648
500558
341060
794499
201229
447537
445774
326424
560565
38493
913200
943850
337260
26157
894782
504914
830446
931846
368700
661723
778279
730713
829026
744466
240880
638094
6981
468319
361100
443316
472339
638980
169294
877468
467402
58854
979483
26692
571452
167561
405214
313277
462612
171093
579495
610891
293857
179945
292275
316111
414993
532124
105667
219932
428250
741621
811758
858483
74025
736296
9967
704767
45261
54439
316258
877776
665199
519256
374944
123058
567054
454137
66713
806479
185832
442797
799644
650228
423995
306377
422365
56219
787899
89606
370947
458438
109984
203953
325659
985300
795531
68813
413076
705108
940749
145888
428831
946182
459931
205717
995170
922927
484647
975494
386826
835927
244457
158394
873790
416149
39424
171995
815145
765976
614631
529338
710393
563621
125424
120511
210491
735896
664381
623419
884554
603028
154959
309311
550914
32448
843823
941692
947628
670667
251298
961866
960531
322163
11448
83112
927071
135298
96313
521150
32972
515806
924149
559791
973646
447523
425659
573871
617972
389413
381220
354681
158999
773045
41674
57798
235381
249074
536659
787393
615656
618412
881758
445298
339192
149737
524688
597711
930812
452966
433226
793868
904688
606117
459385
821616
957193
368815
282456
458399
36695
682428
656811
831758
415661
382347
840129
145499
872887
241641
227873
194287
524882
990564
500961
178418
491705
318719
123211
355969
910403
797184
198233
208113
60768
57936
443977
46394
470455
265508
171637
946962
896114
983544
609616
417315
253689
407091
341104
381710
187938
585210
369547
702542
82086
666375
202004
597568
652962
711438
558651
386369
57766
69688
406769
514366
30646
242599
233773
347028
176708
315052
434142
551136
771106
19448
812331
148127
222626
906223
773626
102632
137250
896209
621349
783151
382164
510769
695324
456297
656971
365524
917581
383129
437115
443504
744848
625171
783024
353036
46724
799387
351456
61957
324318
949002
15259
562089
185237
229850
260994
154965
999671
29385
863024
22256
954118
630496
774256
617928
445914
983501
973977
993221
466901
62403
372697
881799
262501
145887
638414
97041
146500
801977
379766
362083
227934
353926
49225
9930
35314
361560
596479
768800
393252
97901
299682
811765
342601
111427
477629
636697
120134
522266
113282
358449
505857
720900
867747
877723
206770
285682
203336
733005
876349
940927
304638
782694
524812
938829
59849
967384
363891
977955
944748
228739
221220
506232
885174
124017
954579
260908
60902
142778
609663
705788
168184
818213
511855
889274
164226
13132
759385
447162
136453
94604
644375
581758
512974
474354
408502
45538
643583
628336
12632
79193
922054
320
77600
730801
797333
791154
295338
718754
94123
613238
480862
261162
483572
163766
828692
522516
315846
92567
914296
609367
390289
178110
625996
434538
617125
758318
689403
466742
538085
226156
562804
867464
76258
220905
5700
127646
179507
167959
908890
715133
20367
502098
77394
290429
250346
132369
238922
770448
917809
126553
274319
291915
973438
109352
492858
658444
474944
800628
845415
438487
188690
793578
601779
323678
496848
197603
727114
115848
604902
633637
760368
568885
287546
714408
900888
327149
605506
394627
696442
343832
915389
385494
989775
487165
390886
823056
725743
270398
109899
675139
313701
994944
398658
432131
871382
850557
337291
882297
343590
189297
144256
283481
793654
135330
846081
931024
387480
361003
910587
513369
941444
557464
844863
53872
772264
972646
532677
994274
250158
3672
806907
932412
669603
562268
687057
781804
261998
761026
575737
317738
489929
20212
273797
444806
192150
747191
139354
710336
418950
827656
491242
489005
577542
329400
16204
850972
903950
372378
898794
351690
44971
12769
419151
792853
665420
209205
458245
863263
677637
783186
442145
25124
846304
123205
126461
541885
211345
343796
60860
742177
117320
921862
223076
388092
530249
103536
238351
471884
758802
514893
129838
198434
613546
567424
185453
113772
752558
558117
271464
727744
638119
706797
985977
607930
966078
325870
360790
247477
956557
554855
828790
185137
539109
372814
97929
930962
104333
968737
959693
446557
555050
592734
982752
933148
62004
156224
941519
890972
772121
443090
749913
568532
557902
375646
821156
970407
97004
583129
66692
481103
533561
836713
874646
564716
277077
709571
430689
632490
832312
84578
846677
732139
299336
119094
714720
39701
562280
963669
909446
92235
841797
367556
17226
552352
72849
26956
968888
105471
571013
883479
247393
634460
258500
362612
504265
852549
623079
327313
727759
631084
853109
470041
515327
285511
36201
853392
549596
942885
115111
719152
342755
712556
290807
193330
326395
163795
523095
45661
45900
866846
744338
161548
414924
35201
647729
347439
405010
849403
947223
383565
728024
709499
866522
653762
979536
642506
462587
351185
975136
105782
76940
706024
744805
334557
176669
859259
837601
529870
681559
318766
39401
311982
491536
557334
317413
877424
609722
350345
327560
945796
900797
743130
122231
22519
818143
594770
965084
427935
541377
346606
781562
637158
953604
908108
682578
910299
600952
234747
152295
796924
258656
947110
117280
290840
597667
491401
424836
212589
754669
183939
409402
89487
593381
595414
148517
573820
410544
377852
971235
293660
139494
584528
365313
196190
310970
123066
666023
828535
979016
152976
279522
496681
752914
591991
390787
975565
92424
13787
632811
613766
517144
26925
416529
863208
49344
534538
301320
603871
825276
679830
684092
299554
965736
248930
465762
642159
737755
900837
760725
78743
902177
79908
599926
682030
867660
980084
945503
348072
5710
590027
71393
148860
553059
593693
935855
374130
268464
489237
388064
342389
877377
654439
9713
18077
116973
813330
179973
858906
832141
749685
174870
482208
823053
102772
662963
694844
434617
934365
919974
490268
472909
402505
364979
523963
720596
597002
197849
257059
909101
237732
711642
785546
473128
423343
49323
385959
974726
857610
584497
795642
844634
700706
70763
375979
342924
266537
114553
413455
967859
884146
825975
310888
494151
294635
387168
850562
184131
874813
25236
814013
905681
434264
729649
325488
897992
390710
906074
40993
239646
637286
782944
910711
656983
80191
520256
604486
248980
343709
734610
475505
521849
851271
305543
609117
808767
500020
109647
205770
746503
75621
527095
656477
381987
396532
456204
300073
759226
134330
173048
182667
767392
190364
792686
14301
150439
897415
200950
762158
493249
661953
648136
228686
136732
226018
803767
347222
642144
492821
636828
145028
927411
961479
58545
81366
288690
797300
585901
279946
421223
372158
260750
29781
92594
289271
959279
75381
463441
317455
187717
889200
580277
356899
410721
828946
294648
125398
601275
239008
309297
3320
474284
811695
16267
113082
751671
315426
836995
25655
359455
760764
908353
707829
391669
151149
895253
786417
310659
619010
173675
172937
737404
280823
979592
728125
21915
940726
761326
166351
218687
921224
46904
821367
179061
661917
860125
410636
663179
757701
645149
854934
69616
195392
237958
91644
819225
147237
744916
997973
346846
826903
985365
498824
472842
121463
387295
939934
499375
140223
383667
491492
560245
963633
356068
38846
79249
710522
309742
350005
612916
763442
566915
311865
525277
475234
799847
743497
144817
772528
166181
623362
286439
285169
783973
18606
617400
423161
324389
166421
756393
757417
360693
998299
864407
857626
293762
526600
535172
780403
508916
567215
412245
976697
414340
778250
606571
647895
328953
367166
632554
458650
300155
58595
420896
544981
124673
737080
134827
437648
336799
877063
447962
718340
478556
922644
910883
49611
672125
564297
494877
633968
522256
312264
705540
765972
800586
505625
170842
592765
779986
58744
524037
338255
631041
643639
342486
890253
712928
161741
588934
975961
974312
777173
582713
653744
852095
251768
394851
681559
141634
833090
157710
76152
487671
784983
750839
334335
596839
883428
883495
389811
585987
659297
161301
504411
102720
346896
111893
506278
177284
382201
958263
579645
727230
368885
51544
120022
970361
767636
754782
679768
938371
352230
357184
501746
199261
491107
770670
983707
577566
801379
632603
620521
473743
92679
115574
762121
710972
501547
557985
341394
692056
697002
918699
674498
649431
559523
581302
639152
751259
252602
473057
270804
399993
141280
264094
627530
694872
196210
336372
947686
146215
161764
721300
779271
828935
93743
407849
975212
532972
362402
775190
533239
811126
216882
74165
884423
341018
50315
531424
741387
696112
806938
544437
291305
132292
695000
769766
249999
469028
571963
841834
142876
590133
263914
892586
779996
856961
669780
648324
514914
994081
983394
617186
679174
308590
145914
705821
139274
627704
284161
894025
919030
627076
562845
169561
985788
816033
965996
305346
145669
227196
990787
289688
972355
867364
925073
405571
256003
406913
787004
602995
569293
19983
271046
826081
398793
522876
657102
611362
639795
29364
982328
343368
299464
215778
945043
654912
945105
670241
24552
864659
121372
555145
480230
739776
99956
99658
320742
986808
430633
972292
152063
655126
719442
312206
848675
613010
192130
114065
173038
739193
793996
184280
927190
164699
223
61060
256787
124372
484412
250196
190753
185157
101761
922542
327935
220714
886016
201426
276724
651600
906108
369118
749711
392271
20331
492417
700722
643744
447767
385182
20926
807451
124574
385991
337010
621738
876478
53279
146612
257026
955210
336090
497444
652547
271014
149475
256597
478674
840530
633204
983553
42556
822514
798825
500969
516739
346181
233408
554012
638325
932297
399579
858149
227100
155887
198967
149359
797345
383264
956631
794819
459552
841104
209194
663457
723298
609762
417515
166514
453967
985727
969275
211535
548363
419827
652836
720349
924338
87600
160927
45456
35583
247760
649538
694437
794891
109899
697969
474565
170511
924752
307789
602853
896328
483572
156234
373903
707818
236017
446319
448726
338790
736649
643310
450950
347423
25303
823835
220217
596229
930524
482611
353879
723180
471824
37118
772946
918883
324271
692956
23542
900757
367394
718929
186511
67536
309717
110590
624142
547042
957412
699152
883936
519787
191667
751839
79786
124079
946086
630824
119946
953177
197909
52611
979684
683876
964022
593864
136019
158792
186118
538965
936444
711189
220952
31123
819148
236859
14897
854883
558801
582411
662651
346333
914868
454528
941725
725377
875283
742337
665707
769604
27990
57279
275701
246311
892323
554833
719067
471583
588886
1449
925858
524609
752905
395818
177338
17289
178653
920224
300802
791114
417708
578594
993758
425953
667438
593154
231535
902160
9732
540173
283207
545964
468448
370999
970897
195201
595536
459930
502056
513233
773586
308697
599629
566292
683425
445498
551119
50826
940195
28345
947897
634553
961991
76591
400006
641896
330453
472727
670160
429587
505210
659577
165109
843520
220549
512991
520295
620138
880549
760595
224095
269981
436282
642550
324714
329410
225247
624586
680499
103171
408545
542912
378476
986824
645524
774464
700060
11277
920117
814677
258071
866112
804263
338358
411437
429127
318766
286742
2457
936891
948106
491841
705020
427236
103221
870206
911149
474980
639793
199134
971253
858841
555954
604579
40839
748543
880745
206371
220505
179570
583969
997393
317645
886550
123388
512814
116582
56423
598665
198452
134910
275772
698816
804782
364059
672014
499352
35809
479429
960149
924218
76800
312940
840111
595337
949102
941643
218664
498984
845524
473716
986571
648313
656846
468617
442541
649424
672414
842929
992986
859829
967063
81211
293962
45666
353454
232448
59313
767288
819591
563611
722913
629534
683886
123207
937854
866317
63573
208174
948271
234941
180860
116449
889668
658341
959593
101073
866869
75417
126865
783315
992663
731330
944652
163057
432875
143769
423977
975032
108852
814691
372303
460230
279137
331409
230988
824139
33653
964915
476612
214335
33325
477347
97159
591346
816626
563887
395574
682343
931360
935716
726591
870832
145719
411121
77600
183254
547820
359759
733460
93300
734858
678380
219286
935940
321339
941127
311307
829616
528832
854299
187140
249394
419004
826980
621741
480651
45274
692496
629190
695232
472697
298221
199921
723823
793235
435792
357265
460568
74798
485833
567633
724569
129629
144326
355302
221561
838265
99671
281040
717974
563113
360251
681185
701587
784195
618761
842541
346030
740959
331409
195835
594052
107591
355084
770811
258004
885827
722605
448345
413331
53449
213795
114541
511990
518951
867373
438081
965862
643754
435594
842422
578864
199829
670531
255475
630546
738555
637860
289198
356782
836388
582922
266518
494900
821677
280107
653595
364899
757169
707647
575054
800776
832182
110269
377504
659462
660406
41583
364108
862000
864596
937631
939581
850031
30902
857928
493153
462249
777717
615831
330044
647999
910414
559186
126157
318705
534578
757469
796753
247222
906317
743990
303101
301816
736891
925951
93752
705269
694754
931707
59796
491790
390461
776716
466445
351537
34248
765143
22313
127482
505384
543560
67798
264687
971814
189272
841210
545093
395175
998685
409219
854646
563214
46304
76748
73013
995802
549329
393906
747723
514040
334404
157171
44396
631841
820033
13268
400874
479149
488304
498422
551832
575311
271483
368071
866833
568625
197936
832538
308789
499884
927646
261316
128504
874458
397704
341353
888012
825530
561572
311088
466527
132832
765245
424755
618800
920121
147962
764781
488095
411922
925863
146286
323523
924325
178936
269227
526783
253427
238108
628029
714390
793787
216278
868647
668932
26549
670127
946014
410054
913300
203956
133237
804645
938419
742090
344818
510153
214522
697380
910765
232966
377776
583955
705721
918198
503012
920629
246071
305236
391840
511349
752463
503514
305681
63307
600357
829917
934938
572323
107429
828020
214979
714017
543777
116057
588784
919835
285114
550103
253269
789370
88839
285598
870440
814719
566778
624751
142345
104843
872278
156268
322669
53831
659790
33543
312746
347372
785804
693017
567227
275598
649233
720122
165336
342945
915904
429768
529413
100275
721940
203521
924984
925301
105517
428789
120838
83783
730098
589955
32900
957504
734875
504668
840179
857702
732385
59145
708388
228184
119085
854374
791619
173165
144064
96047
633275
524578
118077
564191
344046
47747
774128
214355
502364
191949
877611
542908
435622
374912
848654
140469
960232
509425
101095
559445
270898
918563
62967
604867
210177
197661
773095
723357
632590
838394
425515
3700
346917
489626
286069
461032
7794
397267
369771
820861
589206
553986
403861
123875
987692
295925
290306
573842
513978
478857
353710
551298
627551
254808
613331
530332
688213
270386
408449
305858
306922
226573
269637
773566
135628
519383
954780
610745
636283
95177
55101
34166
805341
116702
854332
393949
851880
756812
703585
798316
648618
877990
926368
349913
798274
593564
942108
526624
499246
217739
124650
460718
184260
469147
333150
351801
84663
319507
409536
374166
993459
960738
496692
547878
44799
746256
751986
402907
664100
136122
968428
428301
964254
342955
413442
184976
322336
382678
380056
489419
540436
234277
232939
262272
951447
655950
606889
412905
811869
134686
811059
772275
889716
236733
230267
235078
185183
993525
651009
744125
376719
315467
55860
836837
360064
700095
836327
573900
529480
618555
156766
333544
897982
489329
573045
503303
381078
567834
216589
588867
412293
919657
207471
422691
433714
690093
15977
16645
704792
984642
97861
730625
544550
77663
260413
540264
290076
580075
368342
502830
528735
664293
341472
599471
891888
216107
270337
477908
518911
598611
128089
69105
328479
44123
610291
312711
934178
651713
429842
241534
822152
243727
498457
621845
152708
674421
295572
148301
342483
326456
200529
54454
902791
335871
293889
887529
675024
270055
306469
192339
906623
742561
554561
590230
464578
8877
747474
710993
284252
93999
632443
163661
713790
360693
177046
813639
496460
625624
331231
831015
5393
40262
12958
649581
235966
781974
810167
710480
885653
867507
217903
567085
275344
584510
579469
655982
985811
942610
214963
228073
168500
338813
239440
443886
973168
520063
364637
227083
216771
795008
613852
431128
922844
541233
97819
484079
260566
937095
441374
691890
96692
719388
64264
256164
739378
789273
983996
474733
818394
160968
278883
298424
562021
709685
461128
299747
149970
331796
278328
157226
763633
736710
411656
383837
826114
545962
120110
547877
114722
745846
362463
602240
15219
830424
752863
394033
93739
262236
529817
128352
790649
236471
679555
368558
996585
223800
422642
453991
139467
705733
663645
892348
322733
520253
873746
814410
985371
768620
956077
728294
777743
271596
4015
601731
975771
191312
469701
445976
385192
979950
770241
785169
641697
16943
180461
572835
526242
827942
709279
205010
287416
703709
925106
69127
855181
108500
721821
110921
248413
944732
373006
697290
329445
517449
275262
162647
515972
731573
562825
599076
209949
784978
364671
51350
727453
439952
841923
978937
900561
195482
968329
995885
423341
688154
895210
340475
702419
228965
477677
418193
498158
191240
247402
874257
412408
7861
624626
201635
30146
552041
865900
63209
706090
372071
992266
824671
658546
850228
893045
185524
712640
273320
380284
523063
722474
682785
125676
374697
647892
391529
278301
532407
317776
972577
918631
200277
940265
865801
301892
711344
30754
851589
730691
829817
36446
313365
521923
21940
155553
269285
943183
310589
617337
533766
273672
641563
917800
233052
707199
667500
701281
205006
314117
645014
409404
470705
479000
340
499646
265268
220590
528221
282316
325241
396903
245433
472009
135001
942654
461958
936330
837717
45703
25115
961168
546931
107715
930625
345359
373601
829098
259667
271896
938395
68740
963540
210201
538082
603520
917212
899015
778455
925036
655728
18815
796916
820289
481770
581603
682194
225045
561342
92010
21337
192483
18074
639588
721698
328708
217300
575228
146504
501910
868719
355659
677910
714379
158551
999091
245090
986126
301869
643443
297943
979614
908400
311608
7387
230957
62386
620056
349756
654840
294637
288910
46715
304045
303973
591601
662855
465618
968349
853940
806342
932047
969141
28839
402572
95374
960748
704930
417229
83081
532135
610025
410207
849978
141243
698888
890907
435533
496007
542679
453062
173145
596362
552633
394038
411703
389072
859659
976365
792345
941236
432513
144319
721000
597902
254207
868115
25548
927416
839603
704187
455136
277033
553679
293721
487697
249304
801805
920556
139258
149534
580840
339874
736516
686894
876159
65588
538902
472182
445755
697072
466968
847571
542012
807982
902525
224738
311590
912460
343099
292594
732696
549489
250624
436421
375041
37332
801316
293513
827905
960794
618624
124826
879377
82244
299630
408283
628203
959755
189991
662343
500482
611647
148639
505135
50128
806744
773482
346151
70972
370114
687316
623927
832742
474060
757105
535582
903383
194028
796445
673832
363382
435201
637804
44390
548382
365866
347348
80095
697102
907037
191222
367267
410230
301203
368793
951300
484436
215524
599021
533652
342252
749492
384073
557270
596396
462018
144676
575827
165914
364372
21490
386564
733941
284854
177142
408504
362570
569552
891109
196890
93032
185264
200860
5457
856117
407249
339692
308828
367396
827689
620935
879103
837626
91337
805757
955236
140579
478037
679552
160844
561913
679517
423580
58206
896112
749828
44587
549571
890612
267972
934290
154344
82821
321814
678892
322096
539999
924148
154334
433451
626498
115750
208785
718951
892217
345801
747760
680330
912260
501864
966657
876763
124250
987238
896394
487041
341869
128664
139273
496290
376659
970811
426592
549650
343632
708690
540233
699065
108719
828330
75627
966676
479176
588823
943035
136662
793642
158452
473203
27943
443883
378324
17885
768639
501276
350540
423734
47915
968573
635705
376404
509458
748212
862239
816597
701922
397435
365819
521072
2395
532592
755675
253490
423998
514403
292652
329081
82904
217817
90780
241375
723754
79887
678263
270952
425199
62166
711255
680963
530976
412425
515563
154274
772209
887418
453011
122500
641355
494566
151967
432253
497117
509957
772813
570301
875110
990636
424275
97087
331212
913471
317861
440953
80821
796460
765828
383270
230054
142981
673164
542188
102991
687903
568736
9503
83992
400962
87981
58368
803969
629152
949844
625560
591665
21244
592542
271967
654508
126367
553919
626400
560104
708504
333165
924946
946460
786692
526951
685180
278363
458889
496709
840628
600039
623090
822900
50529
724665
549210
301679
676153
480902
691948
87463
953412
620331
129285
452370
964123
480103
381912
545874
389953
49329
642586
585744
839930
719906
451040
638624
567249
943242
228120
896598
360170
456159
892648
744563
777338
16255
876986
613717
350314
184632
112316
233798
757009
600647
966475
830717
38986
434816
63758
535111
340671
312727
712743
613359
149207
744452
875031
546935
79388
649055
692776
949591
19589
336868
879420
691166
863779
499806
504447
354759
6072
899712
779722
812825
435588
877008
28496
846232
326080
67268
461599
216303
750941
543795
675543
983864
964834
864217
405238
147066
210653
146862
448837
813336
613931
206470
594185
456560
362019
86871
2992
239842
587534
252463
833921
834848
961171
785577
354457
509467
354617
986161
862738
62459
123816
418293
182992
305542
920261
608146
342619
291288
63767
280765
794732
464917
669060
102347
210791
162916
591243
540802
276979
970455
363256
70737
898952
226006
252123
545900
947421
81462
353528
923987
970858
702188
85
45713
739183
950153
277790
243721
863037
938369
9578
108361
750872
500583
943053
183906
893156
354891
728404
489936
254922
774513
300288
893169
865356
120092
852861
68188
651857
304981
768855
755797
672609
713635
641190
434624
647921
466605
435133
685761
529809
222152
384219
18081
34326
43148
510282
506431
627792
230103
521856
638239
703040
861629
730916
277561
560547
119647
180223
921389
917949
173065
272787
366966
846848
909397
102280
979031
400435
836267
821004
616624
734665
324131
512576
615246
887509
183850
348933
778332
312144
447490
243851
192947
583364
172025
760843
86869
730939
170476
879643
262265
701115
526345
583057
597239
129146
117116
498070
662588
995505
771648
699500
280911
623633
134286
299111
55992
474602
209101
581812
59962
478909
829419
954084
73169
194774
227655
8167
471640
454871
791113
841463
297822
906143
280704
776666
72536
965802
44701
959597
155742
206699
371033
124838
783186
634110
408866
227348
38591
687988
610637
522689
166916
66638
19925
65485
226000
496373
743485
665871
207404
350269
964323
909309
3377
654898
744193
361710
57894
918855
913694
287620
559365
763620
211970
207191
351430
845377
437360
573202
864430
644818
220864
871269
168602
72384
440268
171666
790989
302536
275722
989898
140273
101898
780954
197963
379656
762066
895644
255043
250426
131872
55767
238177
122512
200005
775624
608633
148538
164185
4196
35481
855994
907681
510850
196023
413262
600208
509040
806350
907517
99241
782560
357981
12880
487406
781318
872139
519529
205231
44098
935669
371096
935623
840159
724378
296536
285426
474380
633460
761234
1025
794708
213444
638756
200258
830752
251530
730841
566808
477510
418498
97816
10991
847594
163818
683513
17640
454094
292614
49104
464918
73429
582990
791485
329921
201134
381305
238686
400708
324048
352429
897197
590649
853593
863411
398280
843812
980478
657474
238178
84396
345000
29924
780698
945878
889678
395208
953979
490616
402878
353332
632455
194351
498359
350394
344597
988338
193377
442607
376318
811745
66442
144614
246387
284392
424357
615847
150692
3529
33156
48226
699128
792198
461872
797372
32888
37716
461128
662748
70898
667724
449268
690544
723207
463978
359911
541721
730645
559403
509930
853971
553484
656721
546472
606789
844787
221588
258664
163566
849035
548977
882024
191539
423062
555596
601076
417237
675478
990058
56608
612534
420491
549014
411897
65339
649824
227602
827659
321052
806661
781225
869171
726560
908760
409623
982118
469085
110750
211548
275539
252695
119434
16302
845764
699172
994616
726253
787326
71471
777327
481118
296730
971892
558394
777335
19877
223613
252323
68611
498433
971898
901257
489964
110707
898393
402041
193767
556646
974849
385804
616915
820922
510473
754234
448413
200730
795322
234085
288259
145143
241862
97926
302654
159170
1768
351136
999827
595351
996277
591084
794227
287826
281537
596218
182290
29014
300920
522527
548567
302827
535526
799458
29474
965235
633594
256485
946885
940094
884655
274706
16407
750542
220921
927331
583280
978422
525406
507230
544270
378575
886655
697140
373613
439098
281875
630619
309438
184115
390202
481870
343040
996932
620538
993550
232866
557636
226737
292174
36706
3472
795400
630777
33544
1830
176082
336129
296084
380666
204820
857011
483577
55010
930638
953122
644436
471708
475242
232177
258994
180908
926870
255982
302869
900423
536039
351941
246254
854621
145551
880629
580006
922036
372575
312139
7522
272514
206138
872152
752255
915201
566462
226773
111495
572959
7102
369994
97173
700884
978485
712900
578927
900127
69086
207413
426534
367064
695044
495243
500248
166608
528199
371003
968925
128020
149899
133548
693918
714290
499253
805000
374688
253948
238683
592019
760761
115461
674933
333650
90968
322760
261907
842649
39406
211566
284317
558147
141580
276805
901948
377512
373389
477667
290181
340736
885635
442541
478263
466166
628706
293905
241250
562125
709700
868190
607976
99193
437410
315138
198347
354451
85138
268209
927196
335122
994583
757731
603900
88916
165491
966466
702625
137467
149795
307898
710170
817941
198170
240578
49288
883215
841016
581655
100086
938587
104543
431770
114364
917517
178832
546738
342448
967753
876774
212534
261958
72598
923101
751728
571887
674596
356876
215787
109931
418558
207036
716071
311146
59190
97839
673644
683043
45840
280672
58082
62540
626017
37356
54987
229632
605144
434531
329735
249994
136194
712701
377112
622621
358576
52947
911565
97225
391548
989600
267435
426728
528784
360902
270265
953691
551372
301433
181038
500702
106026
829379
613948
969871
236778
274254
443192
364591
742640
623538
542615
344151
467528
445849
250733
753499
330978
411722
462728
959979
141683
409207
438812
493182
883130
568428
839569
331696
801203
906459
468477
379521
138769
559580
552045
457984
64293
829708
121836
281117
211301
493280
375057
802965
752400
514591
730761
338999
187274
770454
664667
351364
699154
760016
234176
371955
750313
183049
23836
624443
12640
129657
256071
426017
467866
666039
420100
182852
22393
497782
732927
489669
455919
607288
463359
667605
508701
358960
630821
305364
301783
534034
140982
814336
313338
853581
942939
456923
669641
330980
574285
464245
397473
90630
862986
497595
124968
789366
420259
410685
553373
159023
204254
887422
752784
908767
961567
158259
101224
527603
632697
685489
774313
401884
480691
308066
679787
889276
163447
79293
779073
248089
58704
617284
75559
399651
231755
979981
546392
773649
267298
348641
459406
346938
676408
775747
192870
180688
440066
203665
46190
542045
563223
310742
762048
934715
454099
750631
827380
401070
691800
591472
614413
89277
387741
680828
283618
266503
728808
212906
589978
689416
155563
541245
674996
13278
165915
272200
327319
342162
201375
997364
780049
14350
248743
976620
335529
810802
181494
311451
809288
422573
100252
894197
818064
888943
118478
37502
711607
931449
913729
246846
985427
363251
879125
161563
176796
95722
628407
190705
446767
692485
471821
919092
149307
127271
641297
111085
724753
430930
253156
862846
984284
360312
422023
205562
709992
568487
638489
687754
469287
63031
692009
868203
432799
449714
92
713552
917304
479935
806772
126886
766418
288084
360424
488387
657281
379862
85848
744808
242134
851221
250839
492990
296169
876686
985556
986473
904359
977861
146514
374095
108862
588614
824949
922821
588799
791235
880052
253683
556899
259130
313165
353556
971102
910288
690658
569086
422438
233849
408102
408632
358073
486057
599640
885348
188098
261334
758639
308919
774058
382065
631855
602525
603121
732690
287887
563494
165099
200703
484691
729883
812803
548604
561460
293502
675493
151782
674220
773977
98750
315629
38666
419051
983109
259007
782895
903352
285691
66301
972112
527606
935394
662260
91409
836788
684766
585644
901311
586352
315038
376057
119712
391653
169100
265572
158690
979820
514324
484054
871035
808947
371524
160142
407878
571927
362237
414339
538509
528592
127397
427413
967779
261152
166573
767402
197442
706089
110284
26864
981759
49659
358817
734602
363761
153706
232040
832017
711081
294767
221190
557905
730887
814391
570130
932802
443975
403459
497632
173091
986924
973764
266542
726802
930384
881086
132587
665684
766372
788350
942908
827539
866805
180614
410365
621008
896055
793612
782680
996614
633046
692765
849228
544515
507242
842460
626332
623762
572139
47648
810190
348307
253654
767180
765498
157570
177260
354854
588016
527774
855902
512825
948479
993190
322841
978596
804258
768903
627318
979534
671136
492876
314282
257621
479553
845977
892349
753330
888789
308215
99137
716355
413926
291386
977745
201102
907641
651391
402847
81941
587517
616343
540784
316038
759629
110112
139139
669174
123877
727629
543717
414515
283141
89999
867642
593908
394715
684895
87392
179530
661171
809730
111265
563995
730783
581363
748325
47983
70269
761144
55348
625919
544439
237824
765415
397811
6911
237174
373549
826661
256270
48991
523668
337898
411970
636855
837479
650914
932799
332729
628841
426267
809174
704173
503898
576832
713183
82184
777028
182505
130984
411689
127580
817350
572443
223400
41290
639930
600523
991018
169888
101990
917735
922331
750701
240943
261583
857847
566643
837344
352537
430498
152854
902988
873835
926082
377195
300934
455542
485951
736872
438361
591586
39997
424530
227281
23430
175714
396539
581360
576494
910239
863468
112766
259219
200254
762712
135428
904667
577950
505935
896239
360311
670906
113244
263872
4365
903909
980190
295973
71676
409243
277265
430
483776
375436
917330
927699
922516
481109
506223
191104
561253
229778
580684
35291
417048
249796
80425
242663
468092
441328
671306
354515
832873
84640
261057
280613
499789
41878
575747
945117
635525
700508
160782
372232
660871
352509
224616
240477
119207
464591
940762
550113
434275
509570
870053
512954
346112
651550
400653
400102
853689
859945
571377
770831
652574
326392
18384
272580
971605
993925
313636
232167
428567
180623
626224
373695
5318
367952
344883
294997
287730
901074
288069
137520
850792
832345
155894
645846
632399
103430
337887
827552
22872
1884
603035
994917
43500
72091
41409
680367
903372
651459
181086
965370
599476
49364
307399
522126
913591
572667
12809
125270
642449
336270
187184
475642
298129
527518
448195
797736
613924
108582
75040
906854
692214
725788
378151
971540
970365
254135
967594
492818
947886
560800
658003
633486
657666
196591
120289
89997
56084
197649
319914
808883
277348
334375
162180
959064
200528
55703
701931
374420
348784
93595
105768
719553
452973
826405
653541
351727
256667
602277
599631
121112
254303
393593
895997
817325
470189
465671
687604
790084
509604
83032
847557
348937
102859
958014
843779
123858
734625
377198
540760
618612
884923
154554
57118
258097
583261
550893
458945
290109
275723
33304
989934
828564
728826
989826
40943
676354
548397
725894
721035
166285
323700
169959
684975
259972
38456
692750
601778
104145
326009
315563
931379
88492
348842
232918
146643
578542
844432
367597
308852
860863
313976
598173
195284
967494
245839
153128
62560
53753
107505
319342
122029
885909
298589
572234
120441
901270
543887
230755
418620
116120
584380
893468
434950
466936
202705
766230
179691
653272
667057
490881
29692
632790
626840
501559
854414
886972
674006
454992
674733
999766
526037
976244
237772
155659
489863
15286
300300
547218
676830
357778
636718
740779
773494
803250
232935
988220
741583
124200
823483
495653
353418
968285
909629
640688
957702
660061
729119
472788
561314
936611
245626
185009
190724
861602
971808
18899
389725
986923
211864
32621
953579
526123
719602
300783
793580
343920
921900
195508
722206
562102
266704
384560
729728
295850
185248
54229
193116
359060
511439
473123
305572
187364
166497
998585
516531
949165
913721
580203
123534
404919
653788
434196
603124
130607
85594
874852
717378
968782
909213
730586
906316
862559
93779
315989
45595
669663
832245
874954
641034
471737
229289
703005
501505
815449
723646
606249
782112
164619
930745
606619
612319
361924
257362
360255
505248
132465
832057
178410
175422
395460
758692
831888
444386
467111
242588
143390
797836
205135
875514
866312
260264
970352
78839
790386
703807
293710
606540
993069
675185
462954
13323
824129
691266
404603
881210
932795
236605
10557
499850
267900
979784
741512
628664
300057
741512
121727
737999
386205
795313
794967
312744
799428
340931
130105
390694
825886
716147
116657
81435
245712
997225
838305
527899
708360
917484
168118
717252
874690
404367
296331
196930
637761
706468
307191
509584
838211
28311
453532
798941
399051
476826
524795
827543
586458
407919
320187
490095
575920
863056
375299
795947
3420
369745
224260
826499
583756
579513
579157
517132
367427
587902
747576
675273
695382
895010
177178
865918
963517
556597
312180
239697
79068
9582
332938
178890
56509
447734
791592
678448
454897
629482
660611
656899
35694
773209
36796
54085
216406
250984
849385
232505
642421
674574
197987
593658
741472
408224
862662
934516
941849
374240
633403
499603
701883
452285
860618
813091
281590
224863
176313
696958
479496
325847
262243
855976
475429
809995
22701
460059
792687
99908
966179
872085
369456
976967
131371
780707
668520
975076
585971
367262
62789
755226
953099
468853
355199
394433
190849
415374
285752
76604
333530
178102
665558
465745
681514
100147
642269
634065
3038
807118
186728
252794
699373
342888
110911
981649
627206
163483
328542
88688
73348
640015
59450
621712
651546
977839
824100
941289
103884
269951
149934
980793
150638
909013
825074
656488
598275
745059
679729
992291
664855
682136
160729
442443
195200
511808
792224
730792
768168
241531
824228
171128
469529
340334
49612
960734
432505
222909
659948
886722
642804
971932
371682
202880
713932
749171
514049
153212
668218
229805
8144
11226
88119
909015
383404
379059
109652
745403
306160
768250
768531
685365
665378
72228
988633
803363
147217
135193
906808
444555
378424
87858
384467
531954
707751
192770
369878
718374
203087
376956
201200
846228
914379
655887
282565
871883
240111
716592
618212
276377
467915
184607
14759
469665
985408
483685
677036
320816
285094
919203
710086
324244
978667
960973
22528
786488
558034
160728
336204
858220
529843
820708
814808
601130
504218
906977
260372
299194
10061
6870
0
