282
225
723
338
214
13
495
207
469
813
604
501
572
535
239
813
58
822
215
257
558
875
602
194
340
929
706
385
676
529
430
660
317
241
750
65
967
930
494
982
4
42
869
802
987
913
966
824
242
337
717
474
981
142
767
874
686
589
916
615
30
986
248
389
282
345
788
178
635
197
992
927
924
801
620
253
87
965
790
609
939
148
945
958
973
325
15
355
130
250
394
169
652
866
127
575
22
113
334
1000
421
691
653
198
976
75
765
52
260
769
518
146
148
683
674
545
262
473
686
597
203
373
799
984
228
17
489
144
216
327
548
3
14
424
411
357
949
412
557
793
547
919
795
669
187
918
98
822
370
960
25
860
78
807
847
660
452
519
619
161
683
273
625
792
734
204
562
886
773
124
536
751
331
557
276
763
665
927
564
943
531
596
37
748
205
496
469
988
761
756
339
839
506
768
89
779
440
428
115
995
539
240
788
153
385
139
328
852
272
898
992
642
760
958
238
48
831
655
493
237
378
481
297
987
124
485
941
763
706
604
455
894
88
679
451
953
189
945
316
517
991
922
306
689
589
918
440
320
678
85
671
90
57
710
920
72
324
696
125
67
764
980
331
162
677
1000
614
928
909
33
551
523
850
205
804
981
331
842
974
22
100
259
243
766
107
780
384
128
50
705
898
317
550
964
736
128
538
796
99
497
551
799
216
700
54
755
699
888
793
719
899
904
250
479
322
727
521
351
690
407
600
274
892
964
200
449
671
646
388
211
238
292
70
664
219
674
630
536
775
803
949
946
617
678
445
434
678
7
643
94
240
491
420
285
248
140
894
312
790
29
22
213
497
532
106
413
429
121
717
417
757
842
241
973
21
677
438
621
346
158
657
881
488
587
197
430
855
830
881
696
243
298
533
537
145
96
7
850
2
564
466
375
921
182
245
6
65
353
356
272
873
800
450
511
100
176
269
912
828
927
10
250
327
151
636
453
590
481
350
60
39
621
406
975
995
281
585
939
502
988
469
793
190
395
635
730
772
298
663
430
594
888
50
167
929
467
196
356
581
589
682
182
858
368
348
939
122
869
750
554
75
5
576
53
525
968
59
621
527
974
970
175
405
66
397
980
417
507
904
298
692
533
462
236
602
316
929
537
553
410
625
58
33
58
373
85
34
114
17
818
568
804
717
398
3
50
786
292
75
773
885
677
499
801
608
265
908
469
224
580
986
175
930
441
69
372
147
597
647
510
338
946
559
780
214
796
248
184
749
722
902
328
302
946
572
818
427
122
892
387
570
471
657
652
659
668
493
95
30
850
458
179
20
590
629
306
353
941
347
375
330
300
520
743
595
916
626
280
155
828
806
564
237
60
932
345
209
378
522
34
432
443
607
814
586
631
927
46
672
707
646
736
62
149
132
514
847
283
426
880
865
311
72
516
176
839
547
453
154
407
741
178
217
121
747
266
804
163
12
682
702
159
977
813
63
278
268
302
741
833
366
764
719
233
91
476
997
370
68
662
313
159
405
164
653
671
94
664
586
361
702
520
310
487
278
164
764
848
951
527
568
414
777
580
865
723
528
535
701
996
453
327
14
138
591
251
531
789
538
874
494
944
572
835
803
64
493
770
649
542
773
736
400
864
477
521
347
906
132
591
167
881
929
318
892
466
662
749
200
485
191
192
974
131
75
554
435
806
881
343
848
676
211
60
372
444
270
517
23
887
901
154
505
748
275
283
980
50
304
47
100
315
395
627
711
105
878
916
27
20
112
411
681
894
393
277
590
545
213
554
347
207
181
16
867
338
303
203
962
439
772
89
115
888
357
207
665
511
364
478
188
958
202
265
904
143
588
90
152
699
181
324
587
460
144
333
775
192
511
423
720
83
605
357
143
342
871
78
584
451
570
250
289
458
214
453
683
378
981
746
833
561
432
468
934
135
843
365
436
875
253
158
401
104
542
294
65
792
145
880
357
219
154
614
374
769
772
914
87
360
942
939
215
799
22
790
729
259
443
826
302
350
97
401
148
920
891
502
721
74
662
845
855
955
700
937
629
129
668
930
372
339
62
200
292
188
156
675
10
485
157
404
357
342
987
847
507
736
768
670
677
97
8
7
529
41
830
706
637
259
366
935
509
567
216
777
442
441
486
975
806
409
48
946
554
642
456
878
136
960
2
564
750
951
618
663
15
321
26
552
909
411
233
164
161
31
381
757
419
929
599
29
72
586
557
297
713
909
361
850
794
892
32
103
702
271
85
708
159
78
445
325
663
558
424
105
642
352
272
478
398
293
504
507
217
253
550
480
722
891
82
338
117
184
52
131
625
957
402
519
234
373
363
395
972
249
589
967
567
694
42
801
173
3
549
616
5
80
307
686
162
116
865
725
221
865
49
561
222
266
5
337
453
842
413
410
54
333
895
271
501
408
497
999
219
273
674
709
450
41
201
328
45
170
39
978
629
127
732
789
192
314
683
44
89
943
597
170
496
692
706
21
501
859
824
8
901
123
367
784
117
768
597
295
255
955
103
939
144
989
210
676
879
810
599
290
827
841
714
512
984
674
412
970
657
840
716
175
269
140
884
196
75
191
500
95
835
547
912
810
139
721
27
357
157
905
197
548
748
823
414
685
819
716
606
763
485
802
270
898
443
460
83
642
674
831
188
201
501
444
141
395
262
244
796
789
78
591
283
84
273
805
383
384
813
218
466
995
267
939
286
112
720
570
347
413
689
469
487
245
203
85
884
87
719
588
675
988
587
800
887
751
965
516
221
269
618
278
862
520
758
849
685
657
452
230
228
547
838
392
620
435
363
40
85
704
757
644
849
379
426
825
252
408
604
992
789
486
289
578
155
105
979
19
292
110
734
67
131
916
615
356
132
996
589
64
463
551
711
810
263
550
8
844
457
357
582
329
235
435
301
857
595
817
102
612
720
24
474
946
348
790
208
186
836
854
431
410
556
525
846
193
341
735
393
457
640
819
396
856
783
731
250
1
733
13
392
824
798
262
83
414
444
628
445
886
677
780
296
806
264
592
437
600
604
422
896
101
940
417
798
81
758
903
55
506
986
155
371
258
112
266
932
578
353
558
791
502
282
607
502
622
449
187
636
355
821
141
824
10
411
152
432
640
619
313
308
175
433
977
125
475
696
945
843
569
275
539
123
432
190
903
13
785
968
43
213
150
635
175
326
955
622
521
95
514
613
824
324
648
322
722
98
998
177
277
531
828
833
81
799
363
174
361
888
176
62
800
15
959
598
494
623
480
849
435
741
597
962
522
733
238
830
899
568
270
740
457
145
651
737
519
402
271
491
429
365
736
145
423
471
30
891
159
634
61
654
92
542
465
250
522
638
731
651
812
226
174
84
332
827
755
819
662
345
667
587
193
431
27
846
536
997
813
672
823
22
751
386
800
138
474
343
382
123
728
486
841
637
698
897
506
382
436
562
546
176
709
50
995
719
614
479
285
557
34
280
354
88
784
69
289
207
845
862
225
330
646
656
256
395
939
730
957
301
739
871
952
105
589
401
222
673
130
613
718
851
284
475
776
726
532
657
503
982
949
962
195
228
269
395
372
918
962
227
762
316
425
652
82
129
688
611
909
74
663
591
324
268
367
468
992
384
466
768
688
916
500
394
532
587
609
233
897
583
447
822
923
424
932
82
225
531
643
126
742
928
757
103
157
839
293
7
346
812
831
761
176
204
144
80
961
396
274
156
214
410
281
886
551
786
743
172
981
281
364
527
216
266
257
651
384
477
182
5
869
754
76
307
887
385
831
916
522
739
592
433
912
691
739
63
811
999
870
150
307
361
393
180
4
922
435
90
467
927
250
957
69
18
383
100
475
496
203
224
263
140
214
184
102
515
846
190
777
316
563
987
27
309
648
623
63
833
200
773
922
772
735
415
95
575
764
194
914
318
922
343
906
298
658
663
432
873
580
522
873
717
748
828
119
863
215
580
224
324
702
913
976
851
380
943
447
227
880
582
370
303
233
587
348
711
460
84
69
263
63
647
335
558
69
345
182
273
880
79
220
979
299
747
35
436
433
258
960
376
674
344
880
500
303
425
487
104
852
757
754
62
746
704
430
128
215
798
949
385
595
804
478
186
287
281
799
385
981
801
553
748
859
446
897
106
328
285
395
576
138
341
196
701
1000
979
525
330
196
491
22
374
859
680
902
310
491
44
327
369
939
587
62
256
74
487
555
661
623
388
701
487
652
361
911
353
177
416
729
674
491
908
765
696
925
880
110
98
664
723
820
518
279
815
122
946
677
735
429
523
420
470
906
373
790
494
707
125
155
269
330
97
814
560
945
841
507
346
860
158
994
617
693
40
557
395
525
987
235
662
839
192
108
126
77
903
924
633
464
40
628
521
771
312
222
924
144
160
910
640
678
547
328
953
351
428
649
587
373
201
280
53
95
858
751
861
438
784
179
849
332
648
24
551
375
203
223
255
868
129
255
941
967
605
111
912
757
467
292
981
785
538
312
667
561
408
920
563
621
745
228
481
15
715
794
926
697
611
86
128
163
428
295
841
842
521
439
101
912
748
451
902
780
541
736
201
214
684
445
588
120
724
143
29
808
907
460
845
864
170
774
481
973
648
52
212
495
671
547
994
300
317
880
274
67
681
151
796
960
909
399
515
144
311
256
494
40
717
488
178
121
181
199
299
428
452
224
415
733
170
797
48
960
545
440
49
926
528
220
35
975
771
152
261
679
906
310
379
549
918
661
510
584
921
613
591
425
633
690
524
485
842
328
805
86
798
239
882
260
697
162
251
352
738
948
844
400
399
413
686
634
639
104
969
704
637
721
964
30
429
298
172
629
837
892
51
412
982
782
18
903
124
167
467
764
615
802
359
800
92
894
844
809
49
716
978
61
290
862
800
228
615
931
793
606
273
158
852
340
136
805
157
1000
350
308
282
816
436
499
572
28
28
916
543
889
626
475
147
534
484
96
897
88
297
183
361
591
943
416
358
306
957
291
796
526
632
392
982
4
146
106
627
831
981
576
904
448
14
893
790
982
197
248
472
696
882
338
617
585
781
676
723
777
194
173
145
818
17
15
165
442
63
694
70
106
917
744
225
686
758
867
433
986
48
600
868
134
80
867
621
149
391
820
688
321
437
63
575
271
261
908
492
71
715
505
245
446
428
735
616
59
346
15
47
638
37
172
815
64
63
770
999
216
384
22
139
921
156
506
44
607
795
936
84
43
508
77
812
361
644
926
991
557
417
659
677
694
934
402
284
860
827
376
530
819
73
400
93
992
466
820
685
685
502
138
673
792
750
591
311
858
203
793
613
672
783
84
996
305
250
128
82
190
919
523
900
557
120
849
618
728
547
889
992
280
750
960
594
984
89
912
244
837
845
716
881
932
441
944
301
26
488
961
802
118
14
210
80
41
842
920
64
294
301
514
573
221
182
796
507
456
416
962
965
431
997
129
546
639
887
909
362
962
822
70
296
401
59
626
788
161
270
20
752
607
422
970
742
661
460
912
150
113
518
34
448
73
198
926
627
34
445
591
364
91
937
492
488
437
121
580
793
114
769
822
61
684
107
580
411
905
659
458
43
485
989
763
477
155
818
614
238
402
465
725
592
977
479
469
737
773
495
847
759
526
291
423
449
138
435
771
93
814
228
523
517
82
213
508
796
533
671
145
323
422
301
936
375
382
178
49
932
801
214
996
803
799
657
758
303
370
131
90
147
395
25
607
811
751
40
599
528
103
215
168
618
610
587
490
447
970
988
635
127
360
392
308
722
695
125
153
967
396
181
670
166
458
311
378
752
590
828
255
407
453
263
679
428
469
580
626
127
677
112
165
697
314
843
247
75
341
491
880
273
177
160
250
625
990
976
334
352
887
319
129
424
649
113
58
452
995
148
860
197
854
722
947
185
611
627
189
750
382
772
844
164
944
781
571
710
60
153
890
348
986
976
355
433
339
137
590
698
940
743
465
820
550
318
940
65
126
224
391
697
260
824
515
776
902
91
197
299
387
96
559
140
62
672
859
672
676
680
907
599
975
308
82
882
597
237
982
123
321
878
75
593
37
205
212
504
810
580
404
98
951
848
410
673
16
967
429
106
733
295
135
786
527
365
157
205
442
743
731
973
933
699
869
371
423
953
189
673
689
775
273
289
517
202
155
703
163
261
67
505
566
402
54
541
637
215
647
217
242
797
134
178
703
388
639
298
22
665
893
511
812
318
592
583
866
57
655
407
757
362
76
21
383
965
915
904
184
95
176
988
503
882
74
138
531
534
384
965
216
217
692
467
176
216
660
981
517
145
490
446
99
669
978
309
527
781
870
482
613
655
649
11
620
907
311
950
786
537
838
73
914
375
275
152
234
741
914
589
214
476
47
182
763
273
698
847
128
836
376
446
955
844
229
276
60
372
817
143
885
108
607
301
24
313
480
116
777
196
988
5
32
310
681
263
381
818
695
687
457
288
516
92
263
255
331
441
998
872
165
650
585
946
869
317
838
490
41
529
628
997
14
356
999
374
478
291
708
614
341
82
924
268
523
403
537
168
576
519
880
534
238
175
915
88
592
926
117
424
966
968
745
781
590
517
139
895
410
599
771
82
112
147
377
965
920
449
621
583
761
872
866
74
300
675
564
451
177
185
106
114
705
978
863
636
704
399
586
408
202
603
680
402
822
291
684
267
378
609
796
50
203
243
53
226
460
612
276
433
803
429
931
73
216
408
990
348
50
342
583
499
1000
151
606
717
818
666
579
353
184
540
836
769
210
85
588
629
783
172
413
203
742
664
688
266
565
477
541
81
815
330
859
792
871
721
349
607
611
938
353
3
666
311
678
77
923
822
175
368
133
747
579
224
511
801
143
172
810
374
33
474
876
736
528
915
665
247
18
908
233
973
178
849
636
489
163
430
423
326
68
639
725
84
773
645
811
585
360
461
541
84
265
588
795
800
992
960
826
888
746
974
136
785
877
717
375
453
880
172
98
935
613
624
937
632
489
394
788
57
513
97
498
426
309
682
745
999
978
938
299
218
496
544
667
275
102
801
782
922
235
328
744
26
823
801
644
339
619
896
655
245
939
549
73
170
619
220
102
415
331
725
822
70
820
30
594
173
522
191
209
677
572
630
482
716
398
91
447
314
646
539
738
466
149
475
686
238
277
142
679
480
310
618
444
173
533
822
205
579
627
223
104
337
289
710
864
513
774
705
465
335
544
224
385
234
331
245
75
806
176
828
460
728
204
603
93
110
463
432
931
752
172
214
684
968
443
154
40
172
754
10
318
996
786
479
580
274
660
817
134
250
265
565
378
31
600
565
353
260
19
673
77
277
579
117
13
404
43
556
320
144
153
109
680
281
124
152
364
74
34
632
161
81
67
751
828
969
217
500
176
214
920
107
453
320
720
853
288
318
392
189
816
838
30
332
608
517
294
864
604
504
727
61
858
948
230
44
895
805
599
330
843
174
316
861
749
421
668
379
779
354
846
242
359
500
673
712
198
157
269
891
252
63
905
391
948
931
294
327
850
856
876
572
91
433
515
415
31
644
568
214
204
306
8
361
302
159
802
425
391
903
312
293
614
607
543
332
154
166
141
504
497
509
925
634
545
318
1000
888
69
775
754
167
834
891
859
382
601
739
75
315
249
889
198
254
137
468
321
371
640
602
273
982
628
325
601
281
567
789
760
42
253
202
184
332
192
600
109
230
849
115
737
554
486
539
91
629
144
541
372
153
506
746
120
316
627
240
562
367
872
599
733
686
35
291
29
513
918
580
489
877
39
260
737
885
199
406
412
303
556
481
345
139
173
481
507
960
304
209
321
762
589
583
960
8
909
545
305
552
829
850
62
236
982
607
279
294
957
367
245
623
884
464
430
139
55
210
756
188
243
873
697
263
18
871
583
807
937
788
85
707
293
842
423
171
664
44
922
877
54
970
362
265
729
581
631
147
911
375
195
303
652
421
428
687
90
871
105
556
295
759
515
333
205
839
806
476
106
942
934
921
931
767
419
638
171
446
561
909
153
360
591
803
909
502
527
92
193
938
275
800
205
214
178
847
716
452
59
422
247
447
468
173
696
820
723
634
187
213
532
687
148
299
617
108
711
955
497
837
429
652
282
132
886
925
433
638
984
878
596
1
456
242
277
731
303
554
995
442
293
421
721
667
237
908
432
81
760
462
868
712
144
616
602
192
124
202
910
42
212
50
970
287
880
848
208
795
703
116
892
564
923
342
817
652
571
856
156
75
419
541
653
328
564
330
134
734
647
716
37
835
281
511
716
485
118
18
360
832
950
318
950
512
917
784
137
952
765
777
48
470
173
100
724
833
957
514
609
491
35
436
173
163
97
334
268
616
395
947
731
755
976
851
948
771
347
100
689
911
464
142
519
182
898
551
565
849
726
905
873
292
527
84
965
962
625
138
233
825
88
876
646
297
896
280
447
992
306
333
866
675
639
320
748
168
1000
192
452
501
252
116
484
549
532
510
597
263
941
326
899
465
576
705
858
251
934
757
945
797
567
552
564
824
990
368
353
325
165
180
929
249
879
961
165
520
116
146
215
784
569
78
615
985
949
961
400
648
423
552
937
289
539
774
36
35
582
390
514
319
785
693
120
411
964
458
135
421
205
220
314
340
63
461
805
619
476
997
919
75
105
796
28
107
895
750
96
747
561
794
559
283
784
288
947
753
742
871
103
912
542
626
59
13
756
595
936
399
14
293
475
266
157
973
991
263
940
512
25
813
246
811
523
956
107
77
930
891
84
869
16
960
694
143
542
731
719
807
793
913
18
298
567
564
646
188
556
175
435
659
665
581
676
534
706
896
96
783
113
300
624
145
140
143
253
722
12
587
370
809
338
264
901
990
469
213
895
961
691
747
861
872
202
721
905
851
779
804
413
929
314
676
754
320
167
658
268
171
812
248
688
253
968
372
539
84
254
318
317
685
802
670
288
741
19
1000
192
905
215
567
526
894
397
590
29
519
818
981
178
226
19
449
856
361
527
63
916
743
679
27
367
354
138
789
57
642
151
117
722
104
853
855
445
299
922
978
52
51
731
607
421
75
545
330
375
199
196
631
70
306
440
251
433
713
667
23
190
181
587
620
504
242
267
549
61
957
683
917
63
434
598
610
130
605
9
241
375
537
312
320
919
95
680
332
399
860
969
65
843
469
512
125
314
63
553
556
314
887
346
257
176
620
270
320
592
600
606
875
373
101
315
932
950
661
745
322
314
286
82
966
956
729
196
7
146
169
247
558
128
800
351
355
606
226
385
693
380
768
678
288
170
509
76
552
113
64
384
782
707
893
881
748
402
314
857
805
550
62
25
372
34
753
390
100
218
818
495
635
378
348
613
481
328
966
890
844
494
357
295
526
643
583
52
629
631
303
883
675
382
728
431
459
441
420
924
119
798
575
603
378
457
134
310
467
597
232
863
729
63
695
861
416
680
475
840
318
330
966
186
635
550
818
654
976
242
329
288
46
37
910
405
299
355
507
308
463
556
861
125
319
665
566
449
38
491
827
943
831
444
891
953
155
585
177
674
274
710
38
277
622
136
331
854
832
195
74
106
996
565
532
878
858
39
9
773
789
718
439
79
162
980
727
943
115
312
645
253
129
56
879
749
890
736
556
543
136
90
288
905
57
557
509
755
575
7
930
363
105
653
839
818
128
149
173
23
490
213
127
681
70
520
986
260
943
928
383
77
931
751
610
376
837
314
22
403
139
233
278
604
113
108
837
297
869
720
755
428
546
242
285
83
409
472
146
206
478
392
738
73
383
759
162
956
525
84
716
439
487
599
574
347
855
841
691
13
832
192
736
432
316
988
312
188
164
186
87
838
793
802
610
995
244
85
834
941
264
188
768
829
365
494
893
935
349
12
452
486
589
574
451
773
542
266
440
737
667
959
659
757
488
534
231
389
274
238
558
795
413
27
854
970
383
575
294
974
580
635
195
315
703
152
645
134
637
979
373
546
914
340
818
693
934
72
822
265
724
723
428
704
353
947
752
450
17
445
593
528
328
540
345
112
556
185
194
527
71
728
733
44
792
709
314
431
929
437
369
588
803
405
161
168
994
703
237
434
758
27
890
57
286
839
405
410
181
49
85
98
362
85
483
194
30
447
324
818
195
673
330
962
186
449
237
551
791
622
400
635
542
338
421
772
878
542
831
918
563
452
954
589
455
762
730
769
313
593
248
256
708
526
723
855
965
827
136
242
350
844
375
196
288
325
669
839
337
463
197
571
32
207
205
568
672
543
264
963
677
990
218
492
462
41
644
409
449
580
248
544
739
129
955
797
816
307
258
846
829
863
695
59
561
886
465
249
695
795
891
896
56
557
45
583
816
148
921
764
393
2
34
75
696
893
275
340
209
22
656
27
935
871
332
49
152
406
392
389
299
342
924
65
713
945
173
540
970
280
847
711
490
911
136
44
349
259
827
655
514
318
880
964
561
667
142
260
885
478
766
28
709
505
920
547
738
6
936
983
309
711
823
669
322
547
288
82
219
13
850
838
818
713
86
926
109
400
242
422
587
456
566
315
530
884
425
973
628
421
182
121
652
416
678
542
536
843
348
633
550
294
474
235
630
747
537
674
966
62
771
641
987
756
35
786
185
236
791
82
376
803
450
589
771
135
518
503
260
888
880
746
982
343
349
551
47
337
300
692
324
73
117
782
725
27
700
477
371
909
519
280
127
118
628
719
853
73
155
510
299
25
121
280
856
775
145
762
747
285
921
189
341
605
898
617
434
868
671
300
985
324
836
352
951
141
562
942
101
499
972
708
856
483
2
210
358
482
826
606
483
682
990
798
412
324
355
868
928
646
617
898
403
899
375
266
933
602
374
536
725
931
385
981
484
337
939
252
66
113
354
298
700
173
235
745
579
315
602
715
266
526
40
208
125
405
114
170
479
900
112
789
802
514
533
372
896
76
695
990
90
969
811
255
175
589
608
104
924
65
400
881
565
946
533
48
523
82
593
524
212
142
433
340
818
894
658
989
833
933
210
459
437
542
687
718
476
8
72
237
919
696
486
715
10
894
538
375
984
116
786
435
408
890
468
33
757
611
470
968
999
7
636
982
408
883
415
544
76
167
30
113
914
173
37
565
527
645
782
390
275
631
422
117
919
741
253
5
970
718
639
863
578
320
697
901
434
941
388
611
928
796
834
606
587
739
603
200
722
202
956
278
277
386
90
278
350
160
650
241
441
972
287
668
953
13
541
466
527
676
792
485
940
676
273
817
905
314
6
946
719
19
28
428
522
280
469
440
519
479
913
655
866
563
673
674
709
667
483
595
693
917
497
656
431
622
510
464
700
424
574
130
124
172
901
788
504
292
402
893
122
414
997
737
64
460
268
7
121
207
425
960
764
3
490
59
850
608
578
414
949
600
464
187
857
870
720
68
129
685
884
546
229
723
739
182
974
940
298
660
204
626
492
721
511
134
103
518
881
432
743
729
1000
788
210
422
155
258
363
765
638
207
393
725
551
654
273
75
993
994
581
899
801
939
759
124
759
741
144
445
925
610
29
55
858
507
149
41
397
504
54
20
156
429
323
638
302
23
879
263
758
528
382
268
663
227
381
264
347
643
425
823
761
62
969
706
190
936
939
6
286
99
62
757
828
528
994
109
674
739
49
105
786
685
657
460
304
346
425
334
818
937
468
653
63
338
528
234
12
536
131
170
5
130
910
360
439
121
597
715
211
938
470
695
92
218
11
963
889
207
467
947
487
78
611
177
143
48
361
443
906
560
586
154
304
191
610
756
635
806
594
128
386
660
54
995
898
846
353
490
159
27
520
530
275
991
743
355
447
941
56
826
318
781
45
257
178
48
841
128
777
648
808
479
753
561
167
754
808
748
640
893
743
944
575
964
995
883
569
247
896
816
54
937
766
172
300
195
145
861
721
203
271
614
776
791
485
958
98
553
570
642
746
13
833
5
267
284
85
772
253
400
999
534
380
421
207
56
993
907
349
57
82
792
749
949
155
715
84
243
446
219
732
330
334
444
840
527
654
161
877
986
831
447
874
515
692
50
150
419
754
809
101
330
609
735
898
312
833
215
767
312
469
623
997
528
60
975
807
626
604
539
449
707
933
381
990
180
808
84
798
726
22
265
71
284
247
5
329
863
542
671
87
948
385
362
327
279
41
809
728
570
831
86
436
647
33
741
123
857
711
82
205
285
337
752
260
496
543
263
304
910
920
206
221
911
75
399
55
400
735
716
570
538
659
280
591
365
524
550
721
527
703
161
663
720
238
862
783
359
260
535
990
536
512
126
969
720
752
300
223
545
831
690
258
409
607
122
525
661
941
146
605
384
465
618
148
763
70
254
927
822
544
233
578
875
598
456
52
213
445
286
862
592
936
904
417
474
268
205
778
344
544
534
1000
812
541
286
718
460
799
794
978
185
846
316
624
234
126
69
56
705
100
834
661
753
236
524
683
282
114
769
576
384
432
672
58
224
219
46
186
810
611
885
565
572
571
822
338
47
338
308
862
176
30
368
483
944
865
72
433
429
327
487
170
915
982
481
713
787
862
506
322
966
347
191
351
970
55
869
676
240
62
95
73
441
264
956
995
491
99
97
117
463
423
620
909
922
175
266
475
971
365
792
844
857
257
897
916
354
647
125
134
926
213
629
86
57
5
664
820
608
205
28
322
175
162
106
19
150
867
848
603
353
415
839
373
599
561
564
935
470
742
778
90
237
508
121
347
646
342
611
1000
652
810
345
537
278
461
682
90
807
43
655
926
888
450
800
726
426
480
81
731
945
968
283
805
872
613
238
528
372
902
37
893
289
849
149
813
908
776
609
316
674
363
901
29
953
512
695
153
683
989
9
141
474
123
277
907
410
758
697
5
582
620
405
21
975
441
177
313
572
531
45
260
102
660
619
550
318
391
344
253
123
438
798
150
425
979
422
38
664
145
495
671
199
36
180
582
338
852
745
963
320
638
927
969
960
365
40
26
387
635
313
636
145
508
896
862
805
600
792
800
517
455
347
927
626
112
780
216
187
719
253
335
640
429
654
449
446
132
570
428
467
184
913
196
841
75
725
432
702
688
142
361
359
6
490
95
683
353
855
529
546
726
826
261
291
693
874
81
133
299
810
238
195
541
869
547
760
483
445
747
897
577
146
47
291
973
237
146
706
378
227
632
252
846
889
867
891
724
893
776
288
915
661
402
689
750
74
296
407
550
266
838
823
764
233
655
116
643
755
158
190
159
853
285
921
923
974
582
240
95
884
893
541
341
616
33
271
571
507
23
660
41
565
579
393
277
548
915
102
438
503
246
316
969
542
428
336
864
419
635
644
589
344
373
178
690
740
23
976
972
590
293
494
856
237
277
906
783
227
380
111
637
792
530
671
53
99
456
419
52
194
528
836
755
37
836
263
188
666
187
244
632
696
327
557
614
614
862
822
293
577
356
65
373
705
100
831
12
305
406
933
174
490
698
182
778
891
470
256
552
567
460
104
539
424
642
183
202
825
212
61
408
751
175
591
57
559
520
752
414
960
29
925
34
373
700
556
532
581
928
813
669
273
204
433
297
356
617
849
104
380
142
463
48
339
698
18
697
783
191
801
318
451
963
729
954
22
934
724
45
939
84
805
820
990
54
363
661
775
282
68
727
528
215
480
843
148
513
234
750
328
223
517
918
451
47
751
590
118
692
490
347
429
687
104
943
257
381
184
654
90
868
581
639
294
669
202
5
623
594
408
547
748
568
727
934
220
238
381
2
910
836
592
952
208
206
169
962
991
608
467
888
240
632
76
350
861
16
316
65
515
226
230
38
926
509
55
855
83
475
787
626
561
588
271
420
828
209
755
178
524
619
417
344
707
999
550
82
548
280
508
999
980
588
53
511
816
547
262
834
625
98
388
167
872
245
166
665
31
102
867
841
447
706
382
216
937
257
803
80
676
137
930
517
191
959
786
578
813
388
457
439
589
654
600
262
408
536
411
779
260
513
431
641
62
469
206
692
785
174
727
634
908
398
272
226
557
635
658
454
826
105
433
992
900
988
239
228
712
209
232
507
856
578
347
246
514
154
313
41
165
480
316
178
877
819
250
461
249
77
164
943
215
635
823
309
510
552
103
65
790
240
793
140
43
876
54
762
934
309
418
967
691
203
801
705
930
765
556
39
805
817
432
889
864
785
573
354
688
955
23
912
915
854
16
107
516
635
710
489
513
931
628
118
62
461
493
756
802
570
509
590
959
1
446
566
215
760
426
991
35
123
710
861
699
814
621
98
193
446
501
382
773
353
438
727
372
729
585
216
656
562
762
298
77
14
110
678
552
744
547
369
380
637
704
307
774
172
229
343
57
980
770
392
42
898
754
339
867
727
964
167
952
843
831
203
862
442
199
236
241
828
696
35
547
11
795
152
588
591
651
6
126
103
653
869
839
778
229
538
888
391
68
207
912
246
219
293
234
19
45
883
671
235
99
737
657
378
236
550
623
490
59
523
640
266
911
774
300
244
883
650
808
149
999
800
604
131
857
846
731
105
68
362
838
29
612
95
245
34
562
984
956
728
1000
6
51
253
556
999
391
418
563
99
847
644
2
244
624
105
467
378
341
274
449
505
141
585
982
666
852
668
282
636
422
317
327
80
492
863
168
671
578
576
289
929
382
452
501
787
650
211
406
196
693
590
832
802
782
889
389
83
906
83
97
854
708
736
188
185
718
628
650
851
316
922
232
164
390
665
101
294
938
275
248
932
460
910
261
752
922
760
936
993
77
61
442
248
259
154
304
287
792
717
634
27
997
252
647
685
467
90
809
749
374
919
123
814
356
801
83
544
999
590
598
128
883
739
431
904
108
857
950
901
787
581
283
912
591
407
47
250
705
479
221
734
903
141
543
59
302
6
386
979
947
157
202
580
244
840
1
454
549
752
333
843
441
752
209
58
950
943
832
427
709
865
391
402
82
893
916
231
513
391
741
453
127
644
949
203
416
630
94
996
337
206
667
577
228
93
562
195
253
158
79
371
484
452
848
98
873
714
388
82
377
3
235
889
776
683
56
510
815
995
309
181
306
841
842
978
76
644
966
905
10
673
979
392
878
560
40
775
949
314
197
304
989
532
669
484
877
687
854
794
68
373
939
444
972
632
451
230
107
890
575
716
458
270
140
350
263
700
956
803
716
492
168
169
719
648
504
812
148
162
632
897
875
185
199
183
555
57
650
345
36
97
60
146
626
518
962
425
46
436
995
789
794
595
261
307
420
936
608
885
697
621
494
339
616
754
499
952
923
594
755
805
886
546
816
229
731
652
60
892
153
879
804
726
186
101
804
193
864
940
213
533
544
953
432
749
181
753
148
514
428
398
617
325
234
216
829
108
540
351
660
184
755
170
674
10
202
361
36
372
125
205
134
462
147
559
375
207
556
803
500
312
799
122
782
732
508
468
183
340
66
601
351
181
643
180
835
572
331
37
472
766
432
953
63
493
880
627
662
244
340
523
389
647
260
67
758
974
592
32
817
227
864
823
591
813
965
629
65
957
376
932
371
2
288
160
680
462
472
327
563
871
500
504
763
768
702
858
907
62
890
548
477
583
233
303
586
374
768
477
54
595
311
488
331
942
766
672
658
149
303
318
108
231
870
359
189
28
19
120
28
441
139
648
367
785
786
460
369
718
859
282
693
686
650
82
262
679
708
810
47
810
70
130
996
794
972
104
272
581
338
23
162
491
167
902
375
174
719
269
682
601
783
494
363
563
495
500
224
301
258
313
778
566
600
492
240
643
900
216
931
288
650
655
457
733
486
751
938
728
671
338
251
579
376
730
444
602
969
453
574
64
594
348
570
408
815
912
228
114
495
979
53
537
657
92
874
27
980
543
524
80
679
938
162
535
309
300
522
723
178
354
44
287
311
205
498
206
923
854
500
962
433
416
655
299
802
432
454
805
102
735
380
717
43
829
39
306
497
587
659
380
587
477
23
207
292
472
149
957
889
603
427
871
330
418
588
445
726
259
780
304
816
373
914
181
723
939
765
170
673
811
452
724
837
346
57
463
320
682
660
749
981
25
991
62
425
83
39
376
944
479
565
306
928
267
597
962
245
139
819
766
114
121
376
420
834
53
160
61
607
144
980
668
129
162
462
948
183
348
115
525
210
598
829
311
504
148
428
676
632
253
134
573
524
66
20
276
752
582
115
238
420
56
394
9
831
954
484
678
651
68
210
184
412
686
658
742
174
190
207
94
162
462
956
200
277
309
325
238
758
136
800
454
880
788
831
423
168
301
243
518
292
814
499
685
444
8
24
879
616
643
545
447
291
816
971
860
105
367
948
635
144
142
256
910
650
297
99
385
522
925
117
59
650
411
616
945
643
675
142
266
438
607
463
408
583
679
280
750
17
251
801
85
527
837
8
143
917
880
642
698
507
241
905
10
395
518
819
180
307
903
971
169
737
14
706
53
923
161
202
253
151
405
364
886
857
267
597
797
611
196
154
741
108
813
556
214
912
18
292
304
596
63
644
288
985
520
378
938
666
304
896
173
400
404
291
154
232
934
372
772
995
642
992
870
716
529
820
375
702
216
319
843
41
860
479
139
419
359
153
646
6
242
841
711
204
301
470
712
938
756
544
413
562
822
673
355
371
470
731
914
459
231
623
825
1
146
744
161
698
503
211
87
144
200
572
702
508
322
751
262
409
965
159
168
707
494
913
725
19
723
824
558
223
891
48
958
61
433
413
492
921
271
516
179
466
255
321
855
805
330
95
513
243
2
258
660
938
359
589
426
495
320
694
731
959
231
677
645
723
9
941
808
366
787
216
558
265
45
398
303
621
238
390
844
242
146
345
802
10
629
815
180
969
861
37
522
146
37
937
981
79
11
665
547
55
595
144
576
622
597
933
794
732
355
782
533
178
261
153
682
282
944
646
740
659
604
98
17
68
867
414
460
350
931
507
125
91
389
320
171
451
879
379
464
602
916
544
633
222
379
404
133
720
688
548
87
203
614
998
702
849
421
629
778
558
351
462
597
958
334
665
957
735
731
995
286
996
353
756
993
623
929
237
603
721
97
420
248
568
315
655
208
98
940
74
666
131
555
616
342
726
574
52
272
730
930
346
673
863
224
25
263
402
395
13
867
209
853
952
522
948
454
54
550
93
549
142
400
863
773
497
419
736
422
430
962
334
703
456
692
789
652
498
82
315
75
784
875
880
438
770
789
692
292
909
604
627
730
411
665
326
690
859
780
142
514
194
983
743
201
810
674
254
966
141
259
797
27
593
342
980
116
508
604
83
172
620
547
943
911
483
176
1
415
974
4
755
563
664
610
179
724
759
726
892
935
284
942
207
601
86
514
276
475
610
743
650
748
673
173
39
378
681
28
219
511
391
855
417
722
731
220
934
474
987
542
442
775
920
970
952
671
826
541
217
608
411
717
923
438
550
397
262
731
537
8
918
535
798
928
318
972
815
755
391
391
843
493
719
617
403
107
172
148
543
334
26
503
779
918
265
192
113
265
678
555
707
837
344
483
375
428
354
619
723
77
790
480
973
449
177
434
518
97
141
639
989
126
686
911
201
232
938
188
361
973
880
627
724
946
99
386
661
911
555
196
501
808
901
484
256
484
365
971
399
501
184
180
716
348
914
845
345
404
6
994
39
376
359
745
231
608
547
275
395
19
204
205
63
693
468
713
933
547
639
474
790
469
791
650
814
82
516
825
420
462
426
625
927
334
371
573
59
728
44
669
549
464
801
442
245
454
311
527
940
366
238
514
641
871
964
950
67
70
693
470
710
258
515
169
620
169
971
637
226
898
11
256
321
525
471
798
537
831
517
699
50
604
97
563
810
197
165
914
663
644
215
495
550
484
936
405
385
694
573
239
475
210
264
244
237
388
418
850
892
121
951
640
984
894
65
370
992
690
84
978
770
504
406
110
624
165
689
997
249
777
321
742
965
955
633
2
476
849
774
344
866
463
15
509
397
278
4
755
649
600
486
945
131
331
503
198
235
274
51
224
915
504
939
135
284
866
112
235
290
468
716
135
687
709
517
671
604
951
174
487
162
509
184
826
432
586
984
881
995
641
814
523
231
692
487
236
147
966
315
672
802
982
995
480
633
627
621
81
83
266
701
509
647
324
653
252
592
10
288
413
75
287
995
320
948
783
195
598
127
521
674
828
580
938
660
3
73
593
980
791
9
525
150
691
457
684
584
388
99
786
81
745
861
408
948
842
359
321
942
92
278
310
287
487
210
301
590
47
379
738
76
350
14
934
890
298
64
233
358
506
993
862
616
936
728
863
880
649
728
446
863
580
839
336
961
352
779
522
892
192
27
821
672
269
363
1
27
190
318
124
652
838
459
648
648
781
984
36
850
369
408
858
34
405
158
935
583
574
106
121
453
873
645
331
352
548
417
888
555
574
182
874
144
604
209
605
801
845
988
783
521
758
894
437
881
162
359
769
471
125
256
361
294
649
686
736
32
139
867
829
871
206
527
575
648
335
844
651
701
90
325
115
124
322
537
522
37
202
522
407
270
481
421
224
550
733
69
233
702
682
692
674
352
573
400
566
878
865
242
719
78
40
818
269
728
983
610
768
65
274
519
10
556
863
584
956
619
519
892
4
894
240
630
162
33
659
120
402
878
335
591
656
934
116
990
706
385
414
681
751
912
63
783
254
484
689
655
669
343
84
265
407
397
115
333
832
466
811
332
784
530
329
944
53
299
520
744
293
585
299
823
46
614
738
596
776
223
315
22
233
525
412
320
347
176
409
241
817
367
602
160
598
950
170
547
759
342
383
495
526
927
434
894
510
919
468
176
519
317
485
518
351
711
184
61
887
189
993
793
877
829
910
46
330
627
514
198
226
66
285
248
801
381
450
642
245
603
302
848
249
448
934
108
737
846
540
960
514
488
294
684
695
367
235
652
936
345
897
300
448
962
356
650
641
17
515
359
784
821
414
703
380
326
247
577
628
96
987
855
645
970
246
268
614
340
409
80
408
685
581
78
123
658
806
44
748
865
496
590
531
264
914
733
769
254
304
915
982
369
727
949
840
77
425
76
228
707
177
636
524
811
365
689
424
735
600
889
1
995
220
687
778
693
250
168
590
209
806
136
285
769
667
753
183
552
5
560
938
743
20
785
305
871
25
218
974
403
927
336
996
91
773
764
243
464
866
744
551
858
646
420
272
168
647
782
959
324
159
599
427
272
132
623
213
313
983
186
94
697
527
181
307
82
135
434
576
577
979
470
436
543
130
85
835
858
745
732
899
887
293
768
679
10
701
776
701
192
93
862
353
496
129
603
628
189
6
681
941
597
138
76
766
415
983
788
951
726
164
371
980
276
920
963
370
313
862
608
325
225
851
629
295
691
199
416
45
141
263
495
387
595
783
397
190
34
963
28
664
594
480
727
318
348
207
475
360
539
609
93
982
641
324
159
181
738
903
782
263
637
177
726
214
542
253
719
972
287
498
651
676
525
127
34
102
593
211
291
97
183
920
739
638
482
440
298
7
311
889
34
205
534
382
428
744
366
183
339
360
485
866
343
299
300
364
412
894
317
372
181
356
63
474
645
61
864
116
714
502
768
529
993
965
941
96
767
447
406
777
246
525
881
306
869
782
212
635
797
702
567
130
675
669
429
735
999
284
458
559
56
694
203
151
59
203
379
231
709
520
360
578
2
689
384
132
773
968
449
342
602
22
100
289
794
64
789
755
364
696
431
195
885
546
308
575
627
616
190
624
920
490
753
499
853
81
634
53
748
438
665
473
629
219
12
139
572
905
236
992
594
308
212
263
53
271
859
706
498
46
809
976
186
999
70
35
475
175
343
231
130
938
236
979
659
73
662
670
686
715
994
801
874
272
502
909
296
412
413
233
763
255
72
974
496
21
513
635
376
385
287
900
568
861
675
6
556
467
132
526
985
440
84
950
227
64
943
400
947
952
993
161
546
842
943
163
631
671
869
48
460
222
830
649
467
805
502
134
825
184
377
198
575
876
539
990
267
753
81
192
768
98
311
966
277
329
774
971
904
641
366
302
832
788
759
54
577
535
285
850
457
52
66
886
683
81
2
486
388
48
941
872
894
662
544
637
495
667
953
765
302
198
472
2
358
115
319
847
431
223
94
427
797
89
897
257
215
412
928
720
603
953
37
348
774
14
296
412
986
968
780
652
289
38
478
214
634
190
407
404
268
255
295
573
995
110
839
825
546
536
892
685
323
398
191
533
910
319
707
964
883
611
530
685
363
454
511
187
542
873
967
776
693
669
351
113
84
941
138
1
209
476
907
795
722
822
9
515
298
321
262
130
204
242
919
472
298
947
155
348
475
628
631
92
297
583
974
438
934
255
331
823
268
682
765
114
617
514
877
1000
890
102
426
396
457
468
900
315
70
123
983
802
628
63
880
800
774
93
435
850
434
802
786
691
157
389
77
252
19
534
792
537
46
965
253
159
102
722
633
757
139
4
610
328
136
168
411
155
714
679
245
977
839
908
882
405
861
778
706
61
820
671
490
673
526
827
430
363
319
580
48
824
812
201
982
281
399
585
484
402
942
842
716
809
2
994
299
654
168
566
642
453
670
85
397
142
164
687
504
658
952
769
664
163
473
537
318
401
852
450
137
602
663
437
746
588
836
493
530
513
999
57
568
438
28
956
428
719
840
271
443
596
150
163
228
787
684
751
348
375
126
862
471
942
674
645
643
878
748
450
502
784
365
303
827
814
26
374
108
902
496
155
123
415
947
91
309
763
987
252
169
862
368
22
465
645
255
982
567
418
235
215
93
788
641
915
940
682
899
724
680
861
533
796
147
492
206
448
336
532
420
817
898
26
282
900
292
100
584
289
668
879
761
414
299
821
523
257
956
773
97
260
759
649
605
906
498
297
692
325
532
728
455
796
404
318
164
556
426
685
950
914
895
15
60
906
756
948
762
232
561
959
779
444
142
328
3
708
172
808
251
263
509
322
990
709
99
784
617
218
195
49
294
209
161
857
461
984
938
400
185
671
405
655
697
789
926
87
601
180
400
171
273
50
938
453
568
835
366
349
484
483
819
386
96
912
597
950
212
232
404
290
839
444
256
387
285
847
813
91
973
498
978
386
219
45
452
673
50
7
382
667
823
459
141
437
404
674
1
657
612
491
563
776
671
289
467
135
143
51
19
233
983
128
64
509
77
546
181
962
632
12
529
596
436
825
34
604
606
969
485
386
576
959
339
561
862
114
824
207
508
696
921
917
51
875
185
426
650
252
412
185
892
737
138
363
176
879
246
331
695
309
329
164
967
825
902
745
281
922
99
481
245
763
119
562
255
992
529
409
502
361
546
471
623
824
227
68
767
562
508
752
490
365
733
570
526
226
692
374
288
510
428
501
217
591
519
710
363
770
464
8
302
188
976
374
579
600
868
520
746
889
920
242
837
80
616
39
210
783
150
144
224
591
992
678
213
286
92
196
583
998
265
357
914
465
559
565
284
66
580
685
385
192
76
54
832
574
140
302
542
532
484
514
636
242
458
757
187
217
633
274
73
318
824
896
467
774
433
462
334
673
840
41
617
821
484
906
303
398
50
234
569
612
505
853
393
720
549
155
812
376
221
709
452
626
376
929
459
569
948
305
558
532
227
583
612
266
684
567
274
655
697
226
219
22
813
733
684
141
821
422
773
778
960
670
326
908
613
793
784
213
438
413
347
221
937
495
734
607
439
481
632
531
572
543
987
182
936
407
531
537
587
214
938
536
436
580
210
93
938
884
174
582
264
237
206
320
632
581
583
93
741
816
381
643
160
339
78
317
455
709
459
918
82
287
343
384
103
808
564
642
323
561
88
121
199
752
16
449
704
518
701
932
103
80
60
599
839
629
607
589
493
987
915
565
487
750
577
675
558
148
165
231
214
284
172
77
734
959
513
454
230
619
237
489
845
955
181
548
661
660
218
385
282
978
614
579
305
859
326
840
323
344
550
603
450
951
362
970
681
955
325
357
553
881
147
725
121
124
911
709
40
17
220
446
547
993
487
605
492
83
297
531
166
452
917
688
402
629
889
532
71
766
174
710
477
893
166
950
128
66
615
600
671
966
944
326
615
404
356
118
285
355
930
203
444
101
183
835
610
225
656
659
889
780
218
642
788
266
326
460
13
922
638
732
844
347
765
636
212
705
220
358
103
795
11
503
474
718
277
358
809
285
346
801
989
290
599
665
496
747
96
905
792
513
557
486
637
935
965
618
156
527
54
516
62
12
559
527
625
563
358
480
162
479
872
950
46
342
277
464
130
967
828
242
363
720
837
437
655
340
929
256
683
382
587
17
609
125
656
545
267
664
490
908
364
440
241
977
772
893
47
526
299
410
509
421
923
730
241
889
688
683
941
835
567
901
506
409
652
828
434
300
28
417
330
31
936
397
505
90
836
903
424
162
1000
646
479
209
661
695
287
17
61
870
515
502
231
32
622
971
857
539
735
13
361
9
219
838
496
222
1000
708
243
629
484
190
1000
962
170
200
37
88
563
672
892
981
581
356
151
325
163
903
953
442
598
71
994
143
840
81
393
665
62
541
597
184
450
131
30
687
457
748
31
930
458
374
267
77
721
82
420
647
362
839
275
861
609
637
316
518
768
434
848
0
