13
339
300
569
530
33
411
375
153
427
855
208
504
289
539
647
269
649
985
620
490
172
495
559
51
323
914
997
534
432
754
588
820
953
138
495
645
851
370
927
120
693
558
479
375
720
152
746
579
535
297
18
288
46
236
471
78
738
909
977
364
229
795
217
816
373
910
733
467
785
351
398
87
510
646
577
764
717
246
659
671
128
132
124
407
465
774
427
581
854
48
862
724
742
337
620
428
261
604
425
780
300
135
227
218
360
512
213
1
305
6
982
896
498
925
917
558
671
843
939
998
676
59
774
749
585
215
162
501
22
700
976
188
246
442
499
602
989
568
975
620
356
167
647
864
929
623
119
854
110
346
154
249
457
16
573
995
596
394
107
80
559
16
914
790
732
390
859
835
973
954
896
419
127
504
514
633
713
888
121
495
137
668
587
725
135
641
722
660
36
719
472
293
291
945
334
620
473
687
991
0
