10
16 1
19 24
7 13
17 24
29 45
26 32
20 24
25 43
19 39
17 33
28 47
12 20
30 44
9 19
20 36
19 34
7 24
20 2
17 32
26 32
7 25
6 22
25 43
14 18
6 7
2 17
7 22
19 32
15 26
8 21
20 36
3 20
4 12
6 22
27 39
20 26
15 20
16 33
10 1
23 38
4 23
23 37
26 33
19 37
5 14
24 40
10 19
13 23
27 36
19 2
18 33
17 36
12 18
16 30
1 16
22 23
19 37
30 35
19 39
23 41
3 22
24 30
28 37
19 39
20 34
14 30
7 20
13 33
14 15
11 1
23 32
19 35
24 31
24 42
6 10
21 34
3 10
8 16
7 22
28 30
1 19
10 1
5 8
25 38
28 32
15 20
15 32
29 30
2 12
2 4
17 26
14 16
17 3
25 33
13 29
6 18
5 13
29 45
30 36
18 25
21 22
6 12
30 44
20 37
28 32
25 35
8 22
27 45
1 10
24 36
10 3
20 38
20 24
19 25
3 20
22 31
10 23
11 16
5 14
12 21
22 36
18 3
22 37
4 6
18 19
24 25
25 28
11 26
11 17
5 10
13 26
12 30
16 19
23 39
23 41
23 34
24 37
11 21
15 22
15 18
18 3
20 33
25 32
3 4
8 14
30 32
4 24
23 33
27 39
12 25
21 26
6 20
17 31
1 10
12 20
5 19
7 16
28 43
19 27
