50
78 4
34 48
53 77
50 78
31 47
51 73
55 71
9 27
77 81
51 73
72 77
72 87
59 62
27 41
69 89
8 30
31 56
60 73
29 30
79 89
3 25
47 59
66 85
6 8
14 31
18 46
54 62
16 28
49 79
4 8
74 94
18 31
65 85
75 92
46 53
7 15
31 48
72 82
14 26
28 34
73 75
24 32
64 78
44 59
4 27
61 91
56 81
75 92
8 27
5 15
69 98
48 76
23 41
54 77
14 17
46 67
16 29
4 11
71 84
7 9
20 50
75 94
57 59
38 49
41 44
79 107
14 38
67 70
65 81
42 56
32 52
30 31
14 42
32 37
57 71
37 39
26 30
2 27
26 44
82 3
43 64
69 86
13 27
58 76
66 81
17 31
46 74
69 95
49 55
48 67
47 50
14 43
19 47
11 15
4 32
42 48
59 86
35 56
77 79
79 98
19 20
12 35
22 44
80 86
1 21
13 20
73 84
56 58
37 57
6 32
53 58
37 45
65 67
48 73
76 77
9 30
6 25
61 73
20 50
65 93
34 36
45 63
77 97
55 64
71 77
58 64
80 86
8 32
62 84
6 33
13 19
26 52
9 32
63 90
55 82
19 21
39 65
73 101
53 64
66 71
5 8
70 74
47 60
18 38
14 32
25 31
67 93
7 31
21 45
72 100
7 10
35 37
58 71
66 81
79 80
50 60
34 62
72 91
55 82
39 69
20 42
59 80
94 2
32 61
55 79
35 49
30 48
26 40
7 30
39 58
37 53
44 69
5 24
12 36
1 8
33 51
26 31
69 91
61 90
49 74
44 65
77 78
73 85
44 72
5 18
9 21
72 77
45 46
79 107
65 93
80 85
14 15
24 43
73 84
55 70
4 8
4 5
69 71
40 50
40 63
26 54
38 60
35 55
61 76
10 21
58 74
33 48
46 75
26 48
13 20
27 30
32 47
60 75
66 80
49 52
75 97
33 62
9 14
66 67
24 41
11 33
22 47
44 71
41 63
8 10
49 62
79 108
26 28
68 96
60 78
58 72
29 49
69 79
11 36
43 57
72 99
37 67
65 66
77 96
37 48
34 50
62 82
37 43
75 99
62 82
26 34
9 11
65 67
48 59
67 90
36 60
24 46
24 41
37 45
60 72
76 86
11 35
88 2
2 17
20 50
44 46
62 65
75 85
71 79
19 36
54 58
65 70
34 64
11 33
59 76
38 68
77 93
22 41
12 14
11 20
55 75
4 23
19 45
15 43
75 99
12 14
52 71
72 86
32 37
46 67
19 42
58 62
40 60
4 29
27 29
17 37
51 76
24 46
1 19
80 107
7 10
31 51
21 36
1 3
73 89
78 93
67 92
79 94
75 77
9 18
60 67
4 25
23 25
20 42
17 40
58 63
23 26
21 41
64 81
33 60
17 45
69 89
28 41
22 35
26 34
24 34
16 20
55 57
17 40
72 87
31 49
63 80
16 38
4 17
6 31
11 13
78 87
17 29
49 67
57 65
78 98
65 70
51 75
3 30
77 78
51 77
24 33
11 21
53 59
41 65
42 72
55 1
10 14
35 39
31 56
16 25
48 66
47 61
60 78
41 50
68 86
66 95
2 25
55 64
53 81
72 86
77 93
6 23
77 88
68 96
45 66
37 60
78 105
2 23
47 59
26 52
44 74
53 66
3 8
79 105
52 80
36 41
78 82
14 24
10 12
49 58
67 70
58 76
52 79
1 28
13 26
3 33
1 14
79 103
73 78
35 59
30 37
5 21
25 55
29 49
80 106
25 41
69 75
56 63
53 72
62 83
53 75
68 3
15 20
32 41
34 47
43 65
50 80
77 100
39 60
21 37
50 69
41 60
32 47
51 71
41 46
2 25
16 43
33 35
20 44
50 51
15 38
24 46
1 4
67 93
64 73
6 9
15 20
20 24
54 56
8 9
73 74
36 42
71 101
19 44
57 77
15 40
33 43
53 82
8 22
10 34
24 32
41 51
55 68
7 11
22 23
10 39
70 72
52 69
47 65
78 84
43 47
30 40
71 83
29 30
60 70
61 67
59 70
68 80
64 68
66 96
50 64
3 15
56 80
78 80
76 105
58 76
32 61
18 40
8 27
72 84
51 3
51 62
53 62
39 62
40 49
38 67
12 14
34 44
46 51
2 14
7 12
48 56
7 11
32 40
20 43
43 53
41 52
67 75
49 61
63 83
24 38
17 30
67 84
30 41
61 81
21 44
4 29
26 28
7 30
39 63
43 64
50 61
52 81
54 55
7 31
13 39
38 52
79 85
21 25
71 90
15 28
41 68
11 40
45 70
18 38
14 18
28 44
76 92
30 46
71 80
40 41
45 72
67 4
32 57
13 42
68 69
4 18
6 10
57 78
31 52
70 97
32 44
45 46
56 73
78 99
3 25
74 97
32 57
68 81
35 44
70 87
7 8
57 75
2 16
40 64
73 83
23 48
53 57
5 23
48 75
54 59
76 105
26 39
21 47
3 25
37 41
78 105
49 78
27 50
63 72
80 99
34 49
71 81
65 78
40 61
9 16
31 53
32 56
37 40
3 5
25 46
48 60
30 37
11 36
30 53
24 36
64 90
24 31
73 94
26 28
63 92
15 32
36 66
24 36
3 24
51 59
14 32
16 37
13 22
10 27
56 2
35 42
16 37
33 55
30 39
75 79
23 39
57 66
13 35
31 59
56 57
54 79
74 81
1 18
21 28
11 29
63 66
75 93
14 21
61 81
35 56
8 22
66 95
28 35
57 85
14 24
49 71
11 27
66 87
68 91
76 79
69 76
64 70
49 79
56 66
14 44
12 13
58 83
58 72
55 83
36 62
45 71
11 31
21 43
62 68
8 28
41 63
16 23
25 30
53 74
65 88
34 58
13 42
57 73
61 85
18 41
80 88
59 4
1 11
64 86
66 78
70 99
45 68
49 65
27 52
49 73
47 76
16 31
14 34
15 40
17 39
27 57
78 108
12 25
51 63
24 38
69 79
10 38
12 34
18 42
16 45
31 58
73 81
53 54
71 100
3 4
58 85
32 46
68 88
27 35
36 51
32 56
79 83
53 66
25 47
41 45
11 35
25 47
30 56
77 104
42 62
17 27
64 72
23 51
27 52
77 105
16 45
71 99
30 56
34 42
4 18
4 25
44 49
72 84
80 102
62 67
52 73
68 3
75 99
70 91
80 91
47 57
79 81
45 60
62 71
29 42
56 78
46 63
39 45
38 42
25 33
53 72
61 74
45 68
2 13
50 64
13 20
23 27
67 74
23 37
44 74
37 66
62 81
19 32
51 72
75 82
20 23
71 95
50 61
46 57
15 37
38 44
68 82
5 15
43 71
54 69
49 55
2 18
16 19
45 49
54 66
21 32
4 18
63 75
73 102
30 54
39 52
31 52
39 54
61 88
63 77
63 75
11 38
31 34
34 44
33 44
39 67
9 20
72 102
65 85
39 54
67 91
32 50
29 30
24 37
68 74
50 4
11 38
69 89
68 96
31 39
59 87
21 37
55 61
62 87
63 91
76 99
11 39
23 50
58 71
20 26
16 24
50 56
58 64
11 18
45 53
71 86
51 52
77 88
77 99
8 31
57 60
68 75
9 23
71 101
3 17
57 60
3 26
13 19
56 59
54 79
29 46
73 101
1 31
48 71
18 42
17 25
33 39
63 92
67 80
77 82
2 14
45 75
77 88
32 57
57 74
41 43
51 4
28 48
50 53
62 80
3 22
79 104
63 83
66 80
9 39
22 35
29 36
45 47
58 84
28 58
72 90
12 21
47 59
7 34
23 51
21 42
18 38
10 24
7 15
52 75
70 94
49 65
53 76
22 28
47 49
60 77
75 98
64 92
7 9
52 62
32 35
32 60
41 57
39 50
78 101
3 17
67 71
73 84
12 25
16 38
8 19
31 33
30 36
14 28
67 71
71 77
25 42
63 85
98 4
26 34
62 80
21 44
9 34
75 89
50 72
59 84
25 41
43 63
28 56
70 87
75 83
29 45
49 78
48 72
69 78
41 48
8 25
11 15
16 43
78 108
64 86
43 73
2 11
9 24
19 36
78 93
56 64
8 13
40 50
51 75
26 46
47 58
23 46
53 79
18 33
67 85
22 41
61 79
22 46
14 42
37 43
78 99
16 33
67 89
41 52
26 37
16 25
31 60
36 48
78 96
58 63
64 71
42 59
14 38
39 60
35 64
20 29
11 40
5 8
23 32
52 53
67 95
5 22
3 15
50 73
70 88
37 43
78 101
52 56
2 31
62 69
44 57
34 63
8 9
3 20
46 70
27 36
22 51
26 32
45 66
19 24
32 62
51 58
62 84
80 94
17 32
33 50
59 73
80 86
35 47
21 32
76 101
19 49
78 97
76 84
2 26
76 91
81 2
2 7
9 35
10 34
22 32
20 35
5 22
51 55
16 42
22 31
74 87
33 59
37 50
78 79
80 82
34 58
43 60
63 70
32 33
55 67
80 101
49 75
10 19
56 65
4 6
29 34
42 69
13 23
10 14
49 67
21 41
10 24
47 58
15 23
35 50
69 91
2 5
56 59
76 102
78 92
40 60
9 23
19 28
34 53
34 59
22 35
54 64
2 23
46 56
53 78
30 34
54 62
54 68
16 29
48 55
5 22
50 68
66 72
70 88
11 27
59 63
66 79
50 63
13 16
39 41
19 43
24 47
52 56
77 84
35 42
57 78
54 74
66 74
32 49
45 49
22 35
71 98
18 44
8 34
4 17
78 105
21 24
95 1
19 41
53 65
42 50
18 45
78 108
31 61
39 58
4 24
7 11
67 86
59 74
17 40
3 30
34 42
33 48
2 29
14 43
77 92
9 29
24 34
1 13
18 48
45 63
67 70
62 70
28 56
26 38
12 33
17 36
47 66
62 88
16 46
39 58
34 55
15 35
20 21
69 89
29 33
77 95
57 85
10 27
37 66
47 53
61 91
6 22
72 80
61 85
66 70
52 70
53 58
45 73
80 98
78 91
78 108
13 34
47 77
75 98
66 70
68 81
28 45
45 47
39 59
3 30
8 24
35 59
67 84
65 86
47 48
50 56
34 62
56 82
66 95
27 48
35 44
58 75
37 64
57 74
28 32
57 79
22 26
28 49
2 3
78 104
61 64
57 80
36 47
6 16
12 28
9 16
75 83
29 49
46 74
45 54
28 55
62 63
78 4
45 54
63 73
65 94
26 42
8 16
78 94
23 27
72 76
15 44
80 97
40 65
79 107
18 27
7 25
36 48
28 47
9 16
3 9
23 49
30 40
54 84
58 62
24 28
72 73
21 32
70 91
10 22
32 54
40 51
10 40
59 78
36 61
25 29
63 75
64 92
78 85
1 14
26 50
55 78
29 41
62 91
14 39
70 73
20 28
55 60
3 21
7 26
12 27
26 40
22 47
64 65
36 40
5 35
53 65
10 23
74 79
19 21
75 90
23 46
13 43
53 68
27 48
65 72
31 43
42 46
75 98
51 77
32 38
37 62
51 71
70 89
34 55
50 58
58 70
11 20
20 48
15 35
22 40
89 4
59 79
37 56
43 46
61 66
54 67
44 62
57 70
8 20
63 92
19 33
38 55
55 83
64 83
4 26
22 43
19 30
16 39
18 25
12 23
31 36
76 95
33 55
24 45
43 52
64 80
36 62
25 52
63 83
35 53
17 32
19 35
6 33
67 76
19 22
55 68
36 63
14 17
43 45
9 11
41 61
18 20
38 51
45 68
37 62
50 68
8 12
4 9
44 72
41 67
17 30
38 48
67 75
7 25
8 19
28 46
66 87
68 82
72 79
40 64
49 72
6 34
78 100
19 34
49 71
69 74
11 23
75 99
47 71
10 21
42 48
66 93
57 84
26 31
3 21
23 45
17 43
43 48
61 79
14 22
59 78
26 31
63 91
56 80
29 34
22 49
8 34
46 51
74 91
23 37
75 4
49 74
60 87
29 57
12 34
29 39
66 96
57 59
9 29
11 28
51 74
17 18
77 104
3 14
56 58
9 31
79 93
66 68
2 4
8 20
44 66
7 15
68 91
73 87
27 28
64 70
75 80
16 27
78 107
72 98
78 103
21 23
66 76
26 56
45 52
76 85
12 41
64 86
7 19
67 78
35 40
64 75
17 24
33 57
8 34
58 88
12 25
42 54
43 59
74 97
8 37
10 34
80 90
77 93
22 27
42 60
27 38
14 28
27 54
7 11
3 30
72 91
45 52
29 47
55 85
3 27
14 43
35 54
69 92
8 16
58 78
5 23
71 95
68 81
50 62
35 51
100 2
36 46
2 25
40 45
76 98
48 71
70 74
5 22
14 32
41 62
6 20
31 56
3 31
14 16
19 45
51 75
38 68
6 26
70 73
60 70
53 55
38 63
30 44
77 81
49 73
55 77
57 68
29 43
6 9
71 92
3 25
4 19
20 48
26 35
66 72
78 86
4 6
37 59
32 43
39 64
79 101
67 83
21 38
16 45
57 83
61 75
50 52
18 32
66 73
39 58
3 18
13 37
78 102
13 36
50 67
29 34
12 14
58 70
72 74
67 83
36 55
4 34
71 87
8 27
7 16
21 40
45 56
10 37
76 102
9 33
76 78
55 65
77 98
76 99
18 23
45 75
49 79
26 51
50 53
46 76
8 32
4 33
48 64
24 45
34 54
63 76
19 36
62 89
24 40
64 94
68 75
4 28
36 63
41 52
75 77
61 78
59 67
29 43
76 87
21 33
54 62
86 4
23 24
26 38
44 56
58 84
2 29
23 29
1 26
67 80
72 82
70 87
42 71
66 80
25 27
72 94
71 90
39 57
14 41
36 64
23 26
29 37
69 73
53 63
29 47
15 37
23 26
56 58
56 57
16 27
7 20
57 65
4 5
35 50
11 23
58 67
11 31
78 88
8 11
69 79
37 59
43 51
73 90
48 49
32 37
6 14
72 91
33 56
42 49
26 33
18 28
66 76
2 6
50 62
76 83
71 101
78 84
33 52
69 81
19 27
52 64
31 50
75 100
47 71
10 21
4 27
16 35
78 98
77 99
24 52
18 48
48 51
71 84
14 39
76 106
7 21
13 35
63 88
6 28
29 31
20 35
1 22
2 22
17 43
2 14
74 90
21 34
43 68
91 3
77 81
5 16
71 76
70 77
64 67
77 85
59 63
33 53
78 84
33 62
14 27
69 98
44 53
39 48
80 83
69 94
50 71
76 96
8 34
64 94
8 32
29 49
11 38
78 92
53 69
16 43
25 34
74 77
42 64
68 92
25 26
73 103
18 43
72 87
38 49
71 92
6 31
67 71
35 55
21 49
79 101
24 48
75 100
64 67
28 55
63 66
73 103
25 30
24 30
71 84
52 64
39 61
41 55
37 43
72 91
79 88
56 79
26 36
18 38
13 31
51 76
34 51
10 39
35 49
67 96
74 94
53 62
45 63
66 75
27 42
16 25
51 68
50 58
55 65
70 82
26 44
60 80
51 71
17 23
52 66
18 46
77 83
50 59
24 26
10 37
18 33
38 40
23 37
19 43
46 49
49 77
76 3
74 103
69 78
2 12
27 45
62 77
65 76
57 86
38 55
65 84
35 56
43 73
44 53
23 45
31 40
8 27
6 17
47 76
42 61
9 12
36 66
62 65
19 44
31 59
9 25
51 76
6 17
58 59
53 67
34 39
33 62
34 60
9 24
26 29
46 50
30 53
58 88
64 78
2 6
35 59
66 70
16 42
34 41
3 20
8 12
21 23
50 79
36 47
33 35
18 24
66 68
70 77
46 50
45 57
42 55
58 61
31 36
5 6
27 39
29 58
6 29
25 26
13 22
46 64
3 6
20 48
14 28
77 107
73 98
20 35
75 76
29 58
22 29
16 41
68 97
27 44
43 47
78 1
65 74
51 57
17 36
3 20
58 74
32 41
51 71
40 62
73 77
78 96
19 24
70 82
43 53
75 101
8 38
45 47
37 57
8 19
31 53
22 51
13 20
63 79
42 44
18 22
28 38
63 74
62 63
47 60
78 104
43 67
38 41
48 54
13 22
46 62
6 20
31 33
1 29
16 30
35 64
30 50
66 69
68 80
67 90
23 44
24 35
57 82
21 51
49 55
2 15
2 7
38 59
8 26
71 72
47 66
48 60
3 22
17 22
38 52
70 94
21 49
20 40
70 75
20 45
6 17
59 85
54 63
76 103
34 36
2 29
80 108
48 62
51 64
54 73
62 77
40 44
54 81
17 40
10 18
55 4
16 20
16 35
52 66
70 77
58 79
1 26
36 51
59 83
38 47
34 44
3 9
73 75
37 61
13 35
19 31
51 52
60 64
72 80
38 54
17 30
76 97
49 52
77 100
33 52
10 39
30 39
37 41
43 62
71 99
59 63
73 97
49 65
77 106
54 77
46 48
68 71
43 56
63 70
6 19
47 66
16 24
57 67
46 47
21 32
74 82
66 79
52 64
42 47
4 25
35 51
60 77
45 51
3 26
48 58
7 8
96 3
20 21
48 74
60 61
68 82
43 57
44 47
7 13
37 44
68 74
64 75
65 90
68 77
68 85
53 79
22 32
14 29
51 77
67 89
5 19
50 63
78 105
68 84
79 106
40 70
79 85
38 68
79 86
64 72
5 22
80 94
10 27
56 73
67 94
77 87
67 91
73 84
15 38
53 57
67 93
59 74
9 20
56 64
6 25
19 29
6 8
53 79
32 55
27 33
73 99
43 46
28 38
36 43
3 11
2 18
39 46
32 44
5 23
40 50
67 86
6 27
48 76
41 51
20 50
3 21
7 19
76 87
72 90
3 17
53 64
29 46
42 51
76 91
48 60
16 43
42 61
21 48
43 59
75 101
28 42
54 55
54 58
65 81
32 45
3 10
73 95
21 28
51 53
39 44
47 53
66 90
61 77
10 14
31 52
18 29
53 59
60 82
88 2
72 86
78 104
31 50
66 80
56 57
42 50
74 90
7 31
38 60
59 64
38 46
24 49
59 74
25 55
9 35
42 47
68 93
63 70
25 40
80 92
18 21
63 65
80 108
53 78
22 38
37 40
25 52
33 52
60 62
7 18
30 39
51 77
49 51
39 63
56 75
64 76
17 38
22 29
26 41
61 67
62 80
58 61
15 24
61 68
57 84
76 92
2 30
13 25
78 88
73 102
30 47
27 31
14 19
18 40
54 74
25 41
73 86
44 69
70 97
77 86
7 21
3 17
2 7
66 89
73 76
17 37
27 54
37 52
12 39
39 63
47 75
31 47
25 39
9 22
52 68
21 48
68 81
12 32
40 41
41 70
2 12
69 93
56 57
53 65
7 19
60 61
34 57
58 87
65 1
61 89
19 28
44 73
76 87
13 18
25 33
79 108
69 87
7 14
27 39
31 32
22 46
33 37
18 27
53 72
67 76
3 28
63 65
26 34
59 66
4 8
77 82
1 21
4 31
72 76
47 67
20 42
36 42
7 29
48 50
23 52
68 97
66 88
40 56
77 88
4 14
30 58
74 94
67 72
16 19
38 44
11 19
58 60
66 77
53 68
23 50
1 11
42 63
31 32
66 82
64 68
19 42
35 43
48 58
61 72
31 39
55 70
72 95
30 32
80 104
75 97
62 87
6 27
38 53
53 80
51 1
44 69
4 21
47 52
55 83
53 67
12 39
80 102
15 44
60 74
3 17
66 76
16 19
9 17
42 53
77 105
70 92
22 49
60 74
26 40
79 94
56 85
74 102
36 65
44 59
12 33
22 43
35 50
61 65
64 67
38 54
9 19
9 24
2 20
68 92
46 49
6 30
45 53
13 32
19 46
73 96
9 21
62 88
45 66
79 97
68 83
24 39
2 9
70 92
69 85
16 44
34 47
99 4
33 50
12 23
16 39
50 56
1 26
20 27
79 102
30 46
13 18
42 49
8 9
28 34
11 41
55 60
17 36
30 57
68 87
52 67
19 40
75 89
34 40
53 59
64 90
60 61
39 49
27 53
49 52
31 33
63 93
34 46
7 36
2 29
51 54
55 73
61 69
63 65
30 42
63 83
19 33
79 84
66 92
25 40
71 85
43 60
34 46
5 32
7 22
14 22
7 23
80 87
41 56
15 37
37 42
78 86
2 22
43 53
48 66
70 91
49 66
61 73
61 83
7 9
45 68
31 59
70 86
4 17
41 55
74 88
25 40
28 43
45 73
65 81
34 44
51 63
57 71
78 98
72 96
46 75
18 48
32 38
53 82
5 33
34 45
62 84
75 103
66 96
46 70
28 42
8 37
57 59
61 66
42 50
8 33
56 67
73 85
27 40
77 87
5 8
40 49
59 1
8 16
49 52
80 110
18 25
40 41
30 38
2 27
14 33
44 54
17 29
42 61
60 77
71 74
63 66
34 62
71 95
58 68
12 13
1 12
77 90
24 36
69 73
73 101
23 32
71 74
13 14
18 39
8 9
17 24
56 57
19 22
9 28
36 59
16 36
4 16
66 68
39 67
4 16
26 55
56 62
71 87
16 45
72 100
75 87
60 63
59 65
29 36
50 60
62 77
3 27
1 29
16 35
43 59
7 25
32 40
72 101
27 45
52 76
47 76
85 4
27 46
14 26
52 58
77 98
4 14
31 41
11 23
40 45
75 105
13 29
38 41
44 56
7 11
15 34
49 67
60 61
76 80
39 69
26 37
18 46
68 90
11 17
66 80
19 27
29 40
42 51
28 40
11 29
43 46
25 30
46 61
56 72
21 41
56 57
30 56
10 35
11 29
10 18
60 79
48 74
52 60
33 40
34 35
49 51
45 60
34 39
73 75
28 30
40 50
74 80
72 85
31 53
34 63
61 87
77 81
66 94
44 74
27 31
76 94
75 84
51 60
21 48
1 26
9 35
79 104
26 42
77 87
74 82
75 105
7 32
57 72
38 52
11 34
27 52
39 64
66 91
13 16
50 69
61 88
44 47
38 49
20 21
1 3
43 60
24 37
59 3
25 36
49 77
40 45
73 76
2 18
63 71
6 22
58 64
40 58
43 68
31 43
30 60
67 79
9 11
8 12
32 61
56 80
3 4
77 106
11 35
51 78
25 34
65 84
30 44
12 28
47 51
32 52
35 60
69 80
12 30
55 65
44 53
59 85
52 61
70 91
67 68
39 65
72 96
80 92
67 92
74 91
28 30
63 92
7 23
51 66
35 61
33 37
75 80
61 68
17 37
55 64
74 94
28 54
45 60
65 85
67 68
72 79
10 14
77 90
67 1
9 32
33 55
73 101
54 61
8 27
48 72
24 34
51 52
32 57
54 80
63 70
11 37
34 56
55 64
67 79
11 38
62 87
75 76
35 43
9 32
35 54
66 77
5 35
62 85
76 91
23 40
7 18
15 16
3 23
21 22
68 88
43 71
4 8
72 89
68 92
69 89
24 30
79 90
9 16
40 44
47 52
23 46
48 70
44 58
32 57
27 57
69 89
79 88
65 76
13 14
31 42
24 49
1 15
34 43
78 96
66 78
35 61
6 28
43 62
20 34
28 48
15 37
67 82
45 64
25 44
76 93
18 28
86 1
51 71
53 78
43 49
8 34
37 40
59 60
59 87
56 77
30 54
13 33
26 32
68 96
23 27
78 88
76 89
71 74
61 63
30 43
80 104
30 38
77 90
49 75
70 98
53 61
12 29
61 70
6 14
56 62
29 55
76 98
73 91
37 45
20 23
18 42
64 67
24 28
78 107
8 18
54 68
40 57
34 62
43 66
7 12
76 93
29 40
78 100
3 16
77 105
59 61
46 63
56 63
10 26
3 18
36 63
9 22
8 29
8 33
73 103
69 94
77 93
8 21
41 50
20 32
20 28
68 82
59 81
25 46
41 66
61 71
38 58
10 25
15 25
37 56
17 23
79 95
52 57
22 31
5 32
68 78
67 80
8 36
12 36
33 36
80 92
58 88
36 60
63 2
41 62
7 30
14 36
53 74
76 103
80 103
60 80
64 88
42 72
8 16
66 95
37 41
46 71
43 71
16 43
40 48
74 76
9 24
47 71
5 19
4 33
69 96
64 76
38 66
49 76
34 52
37 57
20 44
63 75
62 83
77 88
66 75
65 71
17 41
50 75
8 10
27 45
38 62
76 80
35 38
51 78
73 94
8 25
49 52
54 69
71 87
16 28
51 77
32 52
18 45
60 87
74 101
26 55
34 44
66 81
79 102
3 9
2 3
44 74
60 90
52 73
36 66
1 19
90 2
36 58
69 90
13 20
20 46
18 31
70 99
26 53
31 38
13 24
41 47
23 41
45 60
23 27
58 73
37 57
20 42
20 39
78 94
55 75
54 64
49 51
10 33
10 28
8 22
21 36
42 51
38 40
36 60
41 42
66 81
75 92
71 86
70 78
44 53
36 55
59 72
28 42
28 32
36 61
60 77
39 58
76 82
17 26
2 22
21 50
71 84
55 67
37 66
68 77
21 43
57 86
44 69
51 70
4 19
78 95
41 59
54 61
3 32
36 42
71 98
43 52
46 47
17 36
44 70
14 25
48 55
47 59
29 49
59 65
17 32
72 99
57 59
44 64
19 28
71 100
49 56
5 10
71 96
2 28
16 37
22 48
6 22
23 31
18 45
47 49
65 86
69 95
67 93
57 60
44 69
53 2
61 69
76 84
8 28
68 73
28 40
24 33
46 66
62 68
25 35
49 52
2 31
75 101
67 87
47 65
38 56
38 49
65 92
61 62
69 95
48 57
39 62
29 49
50 73
68 81
41 61
77 101
64 78
76 79
80 102
56 82
67 78
71 85
4 30
26 52
72 101
46 70
58 60
24 46
48 56
22 31
14 34
62 90
57 69
9 16
28 33
6 17
48 56
11 18
32 61
68 80
29 30
24 50
74 83
78 4
19 38
49 57
27 45
41 67
54 59
79 88
25 43
80 90
27 42
41 43
2 4
56 76
70 74
72 75
61 76
42 59
44 70
69 87
5 12
38 65
3 31
65 80
46 68
39 42
32 42
9 14
59 62
47 61
40 64
30 43
35 54
15 33
24 49
52 64
8 36
12 24
41 49
41 57
5 21
18 44
45 71
27 33
20 25
18 25
49 54
38 39
66 73
14 20
56 65
74 102
34 46
23 48
18 23
7 23
40 50
50 63
55 78
45 69
72 77
46 58
5 19
24 46
20 38
51 78
25 36
53 58
49 58
25 45
28 47
66 72
74 98
35 49
71 93
9 12
19 28
44 65
52 80
4 34
83 1
30 52
63 78
65 84
73 92
48 59
79 107
69 84
53 83
73 101
7 22
7 30
29 58
71 93
5 8
42 54
30 32
70 80
46 54
8 11
24 39
24 31
52 62
13 18
3 24
76 96
16 27
36 61
37 46
14 15
22 47
54 76
76 92
46 49
64 66
32 54
76 89
77 99
26 27
27 39
41 60
1 17
29 37
61 84
49 60
37 55
28 45
40 46
62 82
63 65
34 50
50 73
25 47
28 34
62 73
33 60
40 49
20 29
1 7
45 64
10 14
37 49
10 17
69 92
16 43
79 91
13 43
26 42
18 19
36 37
61 77
36 41
30 48
17 25
74 77
50 54
23 53
52 77
63 91
4 33
63 73
43 50
65 74
38 50
86 1
72 86
25 46
8 30
23 43
38 49
8 37
11 14
15 31
23 49
61 64
33 57
21 25
13 41
64 85
10 12
49 54
71 76
18 40
16 32
25 42
30 40
21 40
73 98
5 21
70 99
66 94
22 42
24 26
23 34
26 35
16 30
75 86
27 54
42 53
37 54
4 15
21 36
70 100
11 12
30 33
18 44
1 2
27 41
36 61
16 20
71 96
8 34
12 31
46 73
37 53
78 104
20 29
56 62
9 15
38 64
41 65
18 36
5 22
73 76
72 98
46 55
80 81
61 80
41 63
29 34
80 101
63 90
23 32
66 76
18 28
36 64
32 43
59 82
30 40
71 75
49 66
62 82
1 27
71 79
3 31
48 70
7 16
2 5
60 61
40 41
79 105
53 3
12 19
53 64
48 52
11 26
25 36
7 25
38 42
67 97
38 54
36 61
44 52
23 47
46 62
45 64
75 102
21 35
19 39
64 78
61 63
65 72
14 24
24 46
46 52
53 75
10 13
73 100
74 80
4 31
32 45
53 56
11 34
13 42
77 96
6 22
69 74
70 83
14 36
21 34
1 17
36 63
70 82
8 12
18 38
73 82
13 17
5 26
66 89
71 99
47 77
43 55
78 99
26 38
50 79
90 3
50 64
9 39
64 82
31 55
76 100
48 75
30 47
34 49
61 82
51 71
60 67
35 44
52 63
52 62
23 41
24 53
6 21
72 97
27 28
76 78
72 77
27 41
37 50
1 17
40 48
23 36
69 72
60 78
78 96
48 77
35 45
77 87
51 73
68 77
77 89
50 54
49 69
21 48
19 34
43 51
52 79
8 10
7 25
27 53
79 80
7 22
24 50
72 76
38 41
58 66
30 58
51 56
32 37
20 49
30 37
60 77
64 73
5 26
34 42
62 85
7 32
2 12
17 41
12 34
1 23
28 44
75 83
68 72
27 41
41 66
66 88
32 60
42 67
74 97
3 19
68 87
55 84
45 69
23 33
57 65
20 24
26 38
71 98
20 46
25 48
72 79
49 54
44 60
79 98
13 38
84 1
52 82
6 7
39 43
75 98
5 13
46 65
3 28
21 49
39 61
11 35
30 58
29 35
4 7
5 12
41 55
74 83
21 30
1 13
56 77
73 98
59 86
48 74
45 59
64 80
69 78
23 51
24 54
23 34
66 94
16 26
3 13
18 24
20 29
13 29
4 17
42 45
68 69
78 87
22 43
60 82
8 32
20 28
48 52
6 20
46 67
4 11
33 39
76 80
45 50
56 74
32 48
76 91
54 57
63 76
76 100
76 106
60 84
19 30
77 79
49 73
4 23
38 45
56 83
7 12
77 82
9 31
35 48
70 93
39 40
80 87
34 57
44 49
66 79
19 26
49 57
74 96
59 81
18 23
20 46
1 6
55 56
58 70
51 70
20 31
81 4
45 70
65 94
36 47
73 81
32 56
20 34
42 51
36 55
78 103
20 28
37 67
1 3
14 41
62 75
54 80
50 61
36 43
65 87
5 34
50 75
59 63
32 53
41 53
70 95
59 66
47 74
61 75
48 62
12 27
48 74
15 31
46 72
64 72
53 69
41 58
75 80
74 92
25 29
6 21
76 103
68 82
80 83
4 13
1 29
41 58
80 99
43 55
75 85
65 86
25 52
42 67
31 54
80 85
65 75
33 37
20 25
40 60
31 42
18 27
13 32
59 60
29 31
72 91
32 51
2 8
15 22
5 27
76 106
12 22
54 84
61 67
69 95
30 33
9 10
28 48
34 39
40 60
4 29
53 58
72 94
18 47
59 4
67 88
3 12
25 55
56 84
5 26
14 17
23 25
62 63
73 96
75 104
36 49
15 16
15 30
30 48
71 77
73 92
71 97
72 99
51 58
67 81
11 37
18 47
25 51
74 97
19 29
20 50
10 28
59 68
62 88
16 19
3 5
56 81
69 85
63 80
15 23
11 12
62 80
30 50
50 56
76 102
58 63
40 48
11 29
26 40
70 89
67 96
50 63
26 52
63 75
42 44
63 88
24 34
19 28
79 107
64 70
6 9
24 47
67 76
63 87
52 1
24 27
62 92
70 71
67 82
15 22
15 43
74 89
74 79
1 25
24 45
64 82
40 54
79 109
65 72
42 56
39 41
44 61
25 50
50 54
74 101
76 91
42 66
51 78
12 33
47 56
59 62
56 72
67 79
24 29
14 29
20 28
23 34
24 52
62 64
44 67
52 57
59 68
53 78
53 67
9 16
34 41
36 54
37 61
78 81
68 69
35 41
17 18
77 90
2 29
5 35
25 33
33 48
95 3
43 70
3 4
78 107
64 67
4 11
1 13
59 79
70 76
18 44
51 79
50 75
67 88
44 49
1 20
72 98
24 32
77 85
67 97
36 44
42 59
45 66
68 81
34 52
17 27
45 72
45 71
28 37
1 31
58 60
49 62
59 86
49 70
39 60
38 59
68 79
35 60
72 82
15 27
6 34
80 110
7 15
31 56
7 9
20 44
65 69
27 34
49 65
23 36
68 78
75 84
47 75
13 21
29 44
78 98
78 102
78 93
45 51
73 94
41 55
62 66
49 55
53 59
43 58
1 8
60 85
70 95
19 39
52 66
52 55
19 31
78 87
8 22
2 12
64 78
6 27
76 79
4 31
74 88
7 37
73 94
67 85
68 98
50 65
37 48
72 90
28 31
43 45
54 60
13 41
21 33
72 83
55 62
64 79
78 87
62 66
74 4
20 29
60 81
15 44
31 34
54 72
63 92
43 59
78 86
69 74
32 40
39 45
46 62
60 84
43 64
58 80
2 22
13 24
78 107
64 67
43 69
6 7
53 54
16 39
28 34
63 93
62 84
42 53
47 73
18 32
53 63
37 55
24 38
39 63
12 42
77 104
30 42
31 39
71 82
71 92
59 62
28 41
78 80
79 97
8 19
71 97
20 43
57 84
55 77
16 28
59 83
60 81
36 41
22 48
60 89
25 29
41 55
3 22
31 53
43 50
77 79
68 93
17 26
52 76
59 69
78 95
14 19
13 31
38 65
65 86
41 62
44 69
47 53
25 38
11 13
53 3
7 28
9 17
69 83
74 87
70 79
19 48
35 47
58 63
76 92
11 18
39 64
43 53
60 72
22 32
15 44
1 15
68 73
75 93
9 16
77 92
39 45
73 85
2 9
47 66
25 37
8 36
76 80
9 35
77 91
51 79
78 82
59 89
67 80
11 19
29 52
4 22
35 51
77 90
49 51
36 46
35 51
39 52
22 31
40 67
75 90
10 21
20 50
6 16
48 61
63 67
73 93
69 93
65 72
