10
17 3
8 14
65 77
59 60
16 34
47 48
57 64
35 45
27 39
37 49
63 68
70 81
53 68
37 54
19 21
42 45
48 61
25 36
19 3
66 73
26 39
62 65
58 78
66 73
30 36
79 81
2 11
48 63
45 61
21 33
30 33
55 65
8 26
35 48
70 74
69 77
47 60
61 72
12 2
40 49
59 66
1 11
4 6
70 89
72 76
14 27
56 71
11 23
43 58
77 90
37 45
13 1
42 53
24 27
36 51
43 45
24 38
20 24
48 66
59 73
19 33
2 16
14 21
34 45
79 92
12 1
16 30
80 93
31 50
1 6
46 50
25 45
40 43
27 45
79 91
17 31
39 46
43 60
11 1
20 28
24 34
47 61
39 48
76 88
43 52
66 81
4 17
39 54
20 38
66 78
18 3
22 27
32 50
49 52
78 96
2 5
72 82
21 26
39 59
2 8
16 18
7 16
75 90
16 23
77 80
36 53
42 49
70 85
23 26
20 1
11 24
70 76
53 69
10 15
24 42
20 36
52 53
64 75
6 14
18 29
28 36
14 20
48 57
32 37
42 62
47 55
40 57
34 53
53 70
46 53
16 1
4 20
29 31
36 50
36 42
25 27
5 15
25 39
64 73
44 50
73 88
15 28
63 71
43 45
3 20
50 60
74 93
16 1
62 67
42 55
79 90
43 57
75 84
35 38
47 52
29 31
14 32
4 14
28 48
72 85
70 88
36 49
35 55
78 90
