100
56 2
61 66
10 19
58 64
14 20
34 38
58 62
64 73
77 78
42 52
80 87
23 24
77 80
11 17
33 37
57 58
23 26
75 81
50 54
26 28
54 62
5 10
12 22
16 26
34 41
43 45
68 72
72 81
67 68
4 11
53 61
35 44
32 39
32 37
73 75
17 21
58 59
10 13
64 72
64 71
5 8
80 84
55 60
50 56
2 9
43 51
76 81
21 26
80 84
47 52
6 13
11 17
24 26
28 38
9 13
43 51
68 78
100 1
39 49
31 36
69 76
46 54
16 17
15 24
29 36
25 34
13 16
44 46
62 66
76 77
59 64
76 80
30 37
18 19
43 48
11 17
69 71
55 60
25 33
25 29
25 28
40 42
43 45
73 83
66 69
65 75
41 51
50 59
56 62
40 41
21 22
6 8
23 30
65 73
70 72
15 24
39 40
57 64
18 28
6 10
28 31
41 44
61 68
40 41
47 52
54 63
39 42
15 16
51 60
32 34
39 45
41 45
3 11
58 67
65 75
12 16
28 31
34 40
76 82
60 63
8 14
11 15
70 72
67 68
31 38
17 22
62 72
72 73
52 60
33 39
77 81
77 85
72 73
55 58
48 53
40 46
37 47
69 73
63 71
53 60
25 27
43 52
14 15
66 73
18 27
5 14
75 81
64 67
11 12
37 45
70 72
37 45
6 14
40 42
37 38
68 78
55 64
68 76
68 2
56 65
62 67
63 73
14 15
49 51
75 77
51 54
56 58
11 17
8 9
36 40
50 55
45 48
29 37
54 57
20 25
75 82
23 26
80 82
23 31
77 79
21 24
70 73
34 38
46 56
43 50
40 44
13 21
74 82
12 19
21 28
43 51
29 32
72 76
41 48
5 11
42 49
57 60
21 25
16 20
51 57
44 53
17 24
65 66
76 85
5 9
66 71
41 49
2 6
60 70
22 24
54 60
19 26
75 84
58 67
14 19
75 82
43 51
24 26
25 26
20 24
24 33
75 80
75 76
62 64
32 40
40 47
48 51
85 2
43 45
75 78
72 78
5 13
22 30
26 32
70 72
35 36
20 23
78 85
67 72
28 36
64 71
60 62
79 83
33 35
2 3
38 43
51 56
2 3
33 34
37 47
79 85
1 11
17 22
9 18
42 50
29 30
76 81
57 64
68 70
48 49
13 16
79 88
6 12
8 9
63 70
28 31
23 32
39 45
3 5
72 79
44 51
58 61
2 3
42 44
73 77
42 46
55 60
36 40
11 15
68 78
33 43
27 36
21 29
3 8
78 83
59 67
78 86
53 63
23 27
29 35
16 26
2 6
17 20
25 31
40 41
61 63
35 43
19 20
48 58
62 69
48 54
53 62
5 11
19 22
80 87
6 9
18 26
59 66
35 45
73 75
68 69
54 63
19 27
51 2
59 60
67 71
49 59
41 51
72 82
24 34
57 63
58 65
78 88
19 23
75 78
33 40
36 45
19 20
79 85
70 74
73 76
64 67
4 6
62 70
41 48
25 34
21 31
30 35
67 69
45 48
25 34
43 50
46 52
3 8
23 27
70 78
61 71
13 19
77 86
23 31
55 65
10 19
5 15
70 78
50 53
31 39
26 33
54 59
2 7
60 62
48 50
28 30
2 9
76 81
70 75
78 1
16 23
17 20
17 22
68 69
55 57
14 18
34 37
12 19
52 59
76 79
23 28
38 46
22 24
21 22
35 41
20 22
74 79
7 10
55 57
35 42
78 83
33 35
2 6
67 71
28 30
14 22
58 67
5 13
4 7
49 54
40 43
64 74
64 70
45 54
17 25
8 15
65 67
66 71
66 70
41 50
62 66
57 63
38 41
54 57
8 9
35 36
21 28
73 81
66 69
31 32
71 73
49 54
22 32
26 35
79 89
67 71
47 48
39 43
27 30
15 24
70 75
66 73
63 72
8 13
26 35
29 35
71 75
32 42
17 26
66 72
80 81
7 17
31 34
28 31
35 40
63 72
37 45
62 64
94 3
54 58
58 60
35 37
74 82
27 30
12 20
70 71
20 26
20 30
34 38
79 88
57 60
56 59
24 25
42 46
76 81
64 68
67 74
22 30
55 64
39 45
45 51
38 40
2 7
42 46
11 16
77 79
76 84
51 52
6 7
78 84
25 32
16 25
15 19
52 57
27 37
51 59
5 7
28 32
40 48
28 38
7 15
61 71
31 34
7 15
50 51
78 85
41 44
44 50
45 48
44 51
3 5
76 85
73 80
60 65
33 34
2 7
2 11
47 54
11 14
67 74
2 10
74 75
78 80
23 28
55 64
28 33
65 73
26 30
54 57
59 64
43 50
20 28
19 24
18 22
59 61
55 59
18 22
5 11
48 53
34 41
31 32
12 17
6 14
39 48
74 84
79 83
29 30
2 4
57 58
37 39
52 53
37 46
8 13
53 2
40 48
20 30
67 70
42 50
56 63
60 65
9 14
76 85
13 19
57 61
30 37
78 83
55 59
53 60
20 21
52 62
10 17
5 7
54 61
28 35
54 56
65 73
23 25
40 41
29 31
56 61
36 37
48 52
30 38
74 77
72 76
79 86
69 70
61 68
66 73
43 46
64 66
47 57
26 30
56 66
55 61
41 43
7 17
75 83
24 32
67 74
60 67
4 8
73 79
30 34
73 78
5 9
55 56
94 3
68 72
44 45
20 22
17 25
6 16
70 80
25 33
13 15
60 68
26 28
25 35
8 12
33 36
45 53
8 17
24 29
77 81
48 51
20 27
70 78
68 78
42 45
77 83
3 13
5 8
42 51
69 79
63 65
54 55
48 50
32 35
17 24
56 62
12 13
51 52
49 56
3 13
52 54
52 53
46 50
45 53
3 7
39 40
39 44
45 52
49 54
45 53
72 80
34 36
44 51
77 78
43 47
50 59
63 69
4 13
25 33
36 41
56 64
19 23
9 15
41 46
13 21
3 12
49 50
41 42
53 54
46 55
30 40
6 7
77 83
2 11
26 35
5 12
41 42
38 39
16 22
54 63
51 59
22 28
41 46
71 74
54 58
15 18
23 31
18 24
52 60
15 21
61 63
30 31
48 52
60 69
10 19
21 28
19 20
76 2
70 76
18 23
42 43
14 16
12 16
14 17
13 17
23 28
62 72
57 64
34 38
21 24
76 80
72 82
62 68
52 55
64 72
6 16
34 40
3 5
3 9
53 60
36 46
78 84
75 83
15 24
70 72
68 72
45 54
25 32
29 39
7 13
17 20
4 8
56 58
6 15
20 27
41 43
29 34
20 24
19 26
61 65
76 83
12 13
77 84
20 28
55 63
45 55
61 64
40 43
31 35
34 37
21 30
74 84
31 33
46 52
26 32
35 37
60 62
71 81
13 16
54 60
6 7
9 10
51 58
10 19
53 54
71 79
4 9
36 41
42 43
25 29
45 52
14 24
21 23
78 86
68 3
75 81
31 40
25 28
44 50
37 38
12 15
61 67
64 65
79 87
31 41
80 90
53 58
2 5
12 18
6 12
15 19
31 38
49 56
47 53
57 59
59 69
60 63
17 21
66 76
79 89
7 13
3 8
7 16
54 61
29 33
41 42
49 54
26 29
1 4
12 17
16 17
27 37
76 78
1 5
20 30
40 46
49 57
51 59
74 78
73 74
16 20
78 83
28 30
77 85
72 81
31 41
74 78
13 20
48 51
73 75
31 35
72 75
34 41
69 72
47 53
6 13
77 81
10 11
42 52
63 71
48 56
59 61
6 10
66 1
63 71
69 71
55 60
34 41
18 19
24 29
41 47
13 15
25 35
13 23
33 41
6 10
61 64
25 30
8 14
9 11
57 61
57 59
58 61
5 11
7 14
5 9
62 70
11 20
37 39
11 21
34 38
6 8
24 32
8 9
58 63
12 21
1 4
73 83
43 47
73 79
1 5
53 54
16 23
59 63
4 8
11 15
52 59
16 25
25 28
61 70
5 12
44 45
48 52
29 38
60 63
8 10
37 43
78 83
50 51
11 20
57 60
61 65
67 69
9 13
42 44
60 67
46 56
21 30
73 80
28 33
53 3
43 49
40 46
41 46
5 9
79 86
65 67
58 68
12 22
28 36
65 72
74 77
45 48
33 38
70 77
68 73
7 8
32 37
66 69
32 35
70 71
33 42
77 81
39 43
9 16
61 69
16 23
78 85
47 52
65 71
73 83
69 78
8 10
39 41
70 78
42 47
52 54
42 43
21 24
48 52
32 35
14 23
4 5
58 60
49 52
13 15
43 52
2 10
43 50
10 14
16 24
35 39
3 9
56 65
72 2
14 23
63 65
65 71
1 4
73 80
19 27
32 38
18 21
18 19
17 27
19 25
43 44
39 49
58 66
34 41
4 10
17 25
60 68
1 10
19 21
29 36
28 30
51 59
27 32
63 65
11 15
67 75
23 27
45 51
71 80
37 40
21 29
30 33
57 63
67 74
17 23
59 60
62 72
24 33
5 15
39 45
47 55
78 86
6 7
66 70
79 85
63 65
5 9
57 67
26 27
41 49
67 69
44 50
29 35
48 52
59 68
47 52
14 24
38 46
76 86
36 46
17 23
10 11
15 17
56 60
61 62
58 66
61 71
79 82
41 48
30 32
4 10
70 1
35 36
56 60
58 59
36 46
16 24
62 63
71 74
12 14
13 14
1 7
21 24
66 67
4 14
72 79
11 17
29 38
16 25
62 72
52 55
34 37
63 65
69 78
65 72
61 65
56 62
27 36
63 68
14 23
36 37
24 34
23 28
20 22
18 24
7 14
34 40
48 57
8 18
2 8
16 20
48 58
78 81
75 81
21 27
37 43
30 33
65 72
7 8
56 64
10 18
11 13
75 79
26 30
49 53
66 76
32 42
75 83
55 58
46 55
41 48
32 40
47 56
70 75
6 13
45 49
62 71
15 25
5 13
63 69
78 85
44 54
70 2
58 63
22 30
36 43
70 71
48 55
62 65
42 43
59 60
8 11
18 26
19 27
64 74
51 53
29 31
51 56
44 47
72 73
24 30
75 81
55 63
19 28
2 5
13 23
28 37
58 60
13 22
78 84
57 66
45 50
74 76
2 12
52 58
42 52
27 34
56 60
18 20
24 33
24 28
63 72
35 36
4 12
46 53
2 12
47 57
50 56
55 65
35 37
49 55
53 62
8 11
2 3
19 23
32 38
70 80
11 13
54 62
43 53
77 83
34 38
23 26
16 18
58 63
76 82
10 16
69 73
63 68
7 8
65 69
55 59
44 45
59 2
6 11
55 61
38 40
77 83
43 51
66 76
50 58
51 59
67 76
20 27
67 77
18 21
20 26
57 63
75 83
63 65
65 66
2 7
32 41
41 42
56 59
8 16
3 9
29 38
35 44
73 81
34 38
72 79
56 58
51 54
32 40
40 41
67 73
19 28
71 74
32 34
56 65
68 77
17 21
38 44
56 66
75 78
55 61
59 68
68 72
27 35
18 22
36 41
51 53
47 51
28 31
60 64
14 21
33 41
2 12
22 31
52 56
22 26
38 46
77 1
39 48
15 22
41 47
24 25
6 16
35 36
79 89
55 62
80 81
44 47
8 9
66 71
47 54
49 57
74 81
8 15
68 78
70 77
47 52
75 80
59 61
62 71
59 67
60 61
19 26
19 24
69 79
3 5
77 83
71 80
31 37
8 18
77 87
12 14
44 48
11 19
23 26
57 58
69 76
42 48
54 55
16 20
28 35
18 24
6 12
2 11
51 55
8 15
13 14
26 32
3 10
77 87
66 74
24 26
33 38
14 15
16 18
23 25
27 35
5 9
54 57
62 68
36 41
70 77
74 81
62 68
66 75
38 43
34 42
57 61
51 53
61 62
67 69
33 42
6 15
43 45
43 44
94 2
23 29
3 4
23 25
21 31
20 25
7 14
44 50
5 6
37 38
12 15
3 13
77 87
41 49
8 15
11 15
48 51
44 49
17 20
65 74
18 22
33 35
49 52
72 80
56 65
49 53
51 56
60 61
28 32
77 80
31 32
36 44
21 27
12 16
23 26
73 77
30 33
32 38
42 51
24 29
75 81
17 22
44 52
74 84
16 26
53 61
62 68
76 80
80 88
19 28
44 48
30 36
3 10
61 69
67 69
50 52
46 50
56 61
65 68
37 39
43 46
68 76
18 27
63 66
9 16
20 29
62 68
79 89
65 66
25 29
8 16
8 16
52 53
22 28
45 49
22 29
54 63
30 37
77 86
60 65
80 87
65 73
37 39
21 29
66 74
62 68
19 27
77 79
32 34
42 49
33 43
50 60
8 14
72 74
56 60
96 1
27 34
30 37
44 49
42 52
16 21
37 45
11 17
13 18
45 47
9 16
43 49
8 11
61 64
25 32
36 45
73 80
72 75
39 43
53 54
6 9
20 27
30 34
4 10
20 21
30 35
60 66
21 29
45 47
53 54
61 71
28 30
19 24
9 10
42 50
46 50
23 31
25 32
5 9
60 67
63 68
39 46
8 16
45 46
52 57
72 73
73 80
29 32
13 14
24 28
58 66
65 68
1 2
74 83
47 57
40 41
21 24
10 14
48 52
64 74
71 72
57 67
65 73
72 79
18 19
75 79
51 55
59 62
55 62
37 47
13 16
68 72
69 74
76 81
22 28
5 13
52 57
68 77
5 9
44 47
46 53
24 29
79 80
32 35
18 24
46 55
71 79
41 47
25 29
10 20
54 58
73 76
51 52
73 80
28 31
17 26
4 5
80 2
9 19
54 59
76 78
48 55
36 40
74 75
66 72
51 53
51 54
50 55
29 34
37 38
15 21
74 83
8 12
36 45
4 10
63 67
79 83
71 73
57 60
35 42
78 85
8 9
72 80
42 47
47 57
34 41
60 61
42 47
15 23
57 60
77 84
56 62
66 72
57 66
11 12
41 50
7 11
71 76
34 36
17 27
66 70
77 80
10 13
71 73
36 42
47 50
46 49
63 72
25 32
61 70
58 63
54 59
11 13
54 56
3 7
12 13
51 55
22 31
13 23
52 54
79 80
20 30
52 56
80 89
61 71
55 60
23 28
32 34
33 39
36 38
75 76
59 65
24 29
80 81
70 78
11 18
51 52
12 17
83 3
48 54
15 22
12 20
12 14
17 19
43 51
10 18
58 63
50 56
54 60
35 43
72 82
7 9
18 25
11 16
25 26
21 28
4 10
51 61
80 89
74 81
26 35
22 28
73 83
38 48
65 68
4 13
58 67
30 35
60 68
37 43
61 63
74 79
2 9
17 19
77 87
33 38
67 71
80 88
76 78
31 32
53 63
27 30
18 21
12 22
3 11
56 58
55 63
42 51
1 2
72 75
40 45
18 27
69 78
41 42
14 16
17 19
21 26
15 23
55 57
15 23
66 73
35 43
41 42
64 73
18 20
58 59
13 16
57 63
27 35
43 45
43 45
55 56
35 39
3 12
43 51
30 31
55 59
22 32
37 40
30 35
63 65
66 73
61 3
67 76
42 44
1 5
14 24
63 72
77 82
70 72
39 41
72 77
77 84
34 43
22 28
49 51
32 34
23 31
77 81
64 72
64 74
40 44
75 83
36 40
20 23
27 30
62 70
17 23
2 7
22 31
10 14
32 38
13 16
53 58
50 51
39 48
38 39
45 49
70 80
23 28
31 39
41 42
20 30
52 54
21 31
39 48
8 14
10 14
14 17
18 24
15 25
39 49
76 85
46 49
39 42
62 68
32 34
62 63
5 12
54 59
43 45
35 39
16 24
26 36
85 1
70 79
34 38
6 10
3 4
66 74
3 5
16 23
20 22
24 25
50 53
38 45
20 24
25 31
45 53
10 20
32 33
53 56
34 36
76 79
40 42
38 43
4 8
42 46
69 76
19 24
19 22
14 22
54 56
78 84
12 15
3 9
36 41
68 78
1 10
71 77
78 81
76 82
50 55
66 73
24 26
78 86
76 77
55 61
13 20
61 66
26 27
14 18
18 25
22 30
25 29
22 26
15 22
70 80
29 31
45 47
70 73
16 22
45 52
21 31
38 45
67 68
65 66
53 60
79 87
21 23
25 29
59 64
47 49
68 78
76 84
20 28
34 36
24 34
8 17
80 81
2 3
13 17
50 59
12 13
64 66
54 59
62 71
66 73
8 10
65 68
100 3
50 60
42 51
48 54
4 11
54 64
38 47
16 23
43 50
31 35
64 68
21 28
34 35
2 11
20 25
50 58
50 56
65 70
9 11
36 42
53 57
61 66
47 56
37 44
78 84
67 74
28 35
45 49
4 11
62 68
77 80
4 6
1 9
18 19
78 79
12 13
70 76
43 50
1 7
68 72
20 27
37 41
67 76
72 80
58 62
21 30
23 26
30 33
25 32
56 64
38 43
77 86
49 53
2 6
15 18
56 66
63 67
23 28
30 31
14 23
49 59
51 53
50 59
41 46
41 47
10 19
45 48
38 47
25 31
45 53
32 34
55 62
49 50
60 65
40 44
26 28
11 12
68 74
7 17
76 80
74 76
33 35
71 80
74 77
2 4
13 23
27 33
16 17
70 72
72 75
65 66
46 52
3 8
75 85
1 2
46 51
52 62
46 49
60 69
11 18
5 9
93 1
48 55
31 34
6 9
44 54
50 54
44 51
21 23
5 13
63 65
63 67
34 43
39 46
39 42
70 77
3 4
29 33
62 63
53 57
1 3
40 44
23 32
70 77
24 25
55 60
35 41
31 39
80 86
60 63
37 38
5 11
61 68
14 20
10 12
33 38
18 25
53 63
75 83
15 20
49 52
54 62
72 73
68 72
76 79
16 24
36 45
4 12
10 16
8 15
70 74
78 86
80 89
37 43
7 12
64 74
36 42
46 49
76 80
52 60
23 33
80 90
25 27
60 65
64 72
19 22
56 60
45 47
16 26
15 19
28 33
55 65
16 18
7 13
12 15
3 8
19 21
15 24
16 23
25 35
13 22
68 76
17 25
61 67
55 58
47 54
79 84
10 14
44 54
5 12
6 15
4 14
7 14
70 75
17 24
79 3
78 88
38 39
71 78
17 22
12 13
41 50
17 18
8 13
25 32
41 42
80 83
22 23
14 21
66 74
69 71
76 83
2 8
46 52
43 48
56 63
22 30
80 89
40 45
62 66
65 67
64 67
25 29
20 21
4 8
31 33
61 69
46 51
60 67
12 14
73 82
15 25
5 14
59 64
4 12
4 13
39 43
64 73
66 74
45 50
56 61
65 69
46 56
30 35
43 50
41 50
29 38
50 52
27 32
25 26
25 31
38 47
5 9
69 72
64 71
74 79
16 24
25 33
67 73
57 62
50 54
52 61
75 76
8 12
70 75
40 47
22 32
13 15
5 12
67 75
24 31
75 83
77 83
21 27
30 40
97 3
18 22
60 64
14 15
23 33
69 79
12 14
62 67
63 71
40 41
68 78
23 27
7 8
50 59
45 52
68 75
17 23
57 62
75 84
44 51
67 72
65 66
11 13
72 77
44 51
40 46
47 53
54 58
50 58
65 71
24 28
44 52
3 4
20 28
6 8
69 79
15 22
41 42
15 23
74 75
62 69
59 68
29 35
24 31
11 12
63 69
78 88
42 49
63 69
56 61
35 42
16 23
50 58
51 54
21 23
8 16
68 70
57 60
56 63
5 12
44 47
9 14
25 31
3 4
60 65
63 69
15 22
49 52
59 63
60 64
68 71
15 17
80 82
69 75
79 80
21 29
26 36
80 85
46 53
62 71
50 51
35 38
66 71
49 52
41 43
26 30
75 81
21 30
73 77
62 67
15 18
47 56
29 31
4 12
47 51
18 24
57 58
12 17
91 1
22 29
18 23
65 67
44 47
65 70
6 11
75 82
47 56
12 17
35 38
71 80
12 22
55 63
80 84
37 40
5 11
17 25
62 66
16 22
37 47
29 31
7 11
22 26
11 13
62 67
55 56
29 38
42 51
54 59
52 56
5 15
39 41
3 12
7 11
15 24
67 74
54 63
55 64
71 72
67 77
17 24
22 25
2 9
66 67
77 84
42 50
79 82
76 83
41 48
7 10
43 44
39 40
69 75
70 73
72 73
14 18
10 16
67 75
59 67
31 35
63 69
15 22
56 62
24 31
28 33
13 21
4 7
9 10
13 16
50 51
25 29
7 9
57 58
34 44
19 26
47 53
67 76
75 80
13 14
2 5
34 42
4 13
46 49
79 83
32 41
34 41
29 37
35 44
6 11
11 13
9 17
51 3
64 70
74 75
49 52
27 28
2 7
7 9
36 44
27 33
12 20
67 71
36 41
7 11
65 72
23 31
12 22
35 39
73 78
36 42
47 48
78 83
3 13
18 28
7 17
80 89
51 53
72 73
34 42
48 49
45 52
60 67
31 33
18 20
2 9
5 8
53 56
43 47
38 48
17 26
51 53
51 57
38 41
28 37
41 49
18 19
61 62
49 56
60 67
24 32
48 55
17 22
33 41
56 1
61 69
16 24
69 73
65 69
53 62
50 51
18 27
35 40
25 29
50 56
31 35
5 8
27 34
43 50
76 81
34 36
35 44
12 14
35 39
29 30
70 80
71 78
48 50
77 85
45 48
73 75
6 10
28 36
67 70
40 42
67 72
73 78
7 17
70 74
63 72
16 18
62 69
77 86
40 42
22 32
78 82
40 42
15 22
45 49
63 67
64 68
63 72
28 31
10 17
26 34
35 43
78 87
15 20
32 34
38 40
37 39
52 2
12 15
72 82
37 42
15 17
58 67
55 56
39 45
76 78
45 49
73 83
43 50
24 31
65 71
32 36
64 68
3 5
72 82
33 40
28 35
33 43
58 62
10 13
42 49
14 19
42 48
18 25
32 42
23 25
3 5
71 74
48 51
76 77
2 12
13 16
27 36
19 29
56 60
33 35
66 75
51 61
80 85
28 30
45 54
5 8
38 46
37 45
60 70
16 22
33 43
18 21
51 59
43 51
55 1
77 87
14 17
10 16
37 39
49 50
27 31
74 84
41 44
7 17
37 47
70 73
30 34
35 42
25 30
68 71
72 76
11 14
43 45
32 41
41 42
75 84
64 71
76 82
15 18
61 69
23 33
62 63
52 56
15 16
20 22
69 71
24 27
2 11
70 79
72 73
36 39
73 76
59 69
74 76
4 14
31 38
73 80
41 46
80 84
4 10
54 61
17 21
61 66
6 14
78 81
16 23
16 20
78 83
55 64
30 34
77 1
35 43
79 88
49 58
57 62
78 81
76 80
2 7
50 60
40 41
32 42
48 49
10 15
59 61
80 88
36 42
48 50
44 46
47 56
16 25
75 76
79 88
40 49
30 37
12 20
60 64
77 80
65 70
63 65
40 47
31 32
25 29
20 27
80 82
36 42
73 83
25 30
30 38
41 43
52 56
14 16
24 30
20 26
65 73
26 34
5 11
37 39
41 44
73 78
64 68
15 21
79 83
42 43
72 82
35 39
33 38
49 56
60 69
17 25
77 80
51 54
62 69
75 79
62 68
56 60
21 22
61 63
47 57
34 36
15 22
54 61
74 84
58 68
79 85
1 3
43 49
71 73
54 60
61 3
62 64
76 83
28 35
24 25
39 42
76 86
68 73
21 26
11 12
61 69
25 34
44 46
6 9
50 57
1 4
30 33
44 50
4 11
51 57
48 57
47 56
52 61
8 18
13 17
57 65
20 28
46 48
59 64
23 27
15 20
59 67
72 78
62 69
74 77
41 50
36 41
4 5
3 12
36 42
41 45
36 40
78 79
72 76
42 52
72 77
44 47
79 85
26 33
76 86
77 86
32 33
74 82
63 70
77 85
61 67
27 35
75 81
67 73
9 14
16 26
40 50
63 1
60 66
51 53
13 19
28 37
60 62
14 17
58 65
27 31
34 40
59 65
31 35
1 9
6 13
36 42
42 52
39 49
71 77
26 34
12 18
1 9
74 81
1 3
20 28
77 87
59 67
30 31
39 40
7 9
47 49
32 37
47 51
40 41
28 36
75 79
9 19
60 61
75 81
14 17
48 58
78 84
67 71
48 57
50 51
29 37
9 16
24 28
38 40
76 83
76 77
62 72
1 2
51 58
32 42
21 24
60 65
75 82
39 40
8 16
19 29
78 79
17 23
59 61
65 68
71 1
29 30
44 53
13 23
7 9
23 25
14 21
68 74
59 69
54 62
11 21
11 20
65 67
32 41
70 80
19 25
69 74
16 23
56 57
33 40
19 29
66 67
25 28
42 43
69 75
25 32
48 51
31 32
70 74
73 79
60 65
46 51
30 32
63 70
16 26
15 20
43 53
70 71
54 58
16 18
25 30
68 75
10 13
15 19
18 28
54 58
44 50
78 88
31 33
43 51
13 22
75 76
25 32
17 19
46 52
38 45
56 62
50 57
26 27
26 30
18 24
36 42
39 41
73 83
35 41
53 56
20 26
56 65
51 52
32 35
41 48
38 47
81 1
34 41
62 66
13 14
17 20
35 41
8 9
67 68
29 35
24 29
28 37
74 75
58 60
75 84
31 32
4 7
65 74
47 52
19 24
15 24
49 58
44 50
11 18
12 19
10 15
57 63
10 20
38 41
39 41
59 60
18 19
79 88
53 59
60 69
32 40
51 60
15 23
45 52
10 13
72 81
7 8
7 12
19 28
64 69
77 87
11 12
18 20
20 26
73 79
54 57
31 39
69 73
49 58
5 14
11 18
16 19
21 24
53 54
36 39
36 42
38 42
12 20
21 22
75 79
64 70
17 21
27 32
45 55
15 17
71 81
33 39
68 78
40 48
31 40
55 60
23 31
17 26
45 55
5 13
25 26
78 88
14 21
75 2
48 50
72 75
15 16
3 10
40 50
11 12
57 62
49 57
66 75
44 50
44 50
6 9
27 35
45 47
19 23
54 61
10 14
1 8
22 23
47 53
64 74
23 33
53 56
18 24
11 21
36 44
9 16
29 33
41 49
35 37
61 65
26 32
55 57
66 68
41 43
32 41
7 17
59 66
70 72
13 14
71 73
44 47
8 17
21 30
40 44
36 44
58 61
60 66
57 67
37 40
45 53
22 29
47 56
10 15
40 50
21 28
36 43
15 22
32 36
79 84
47 50
41 47
51 57
17 24
80 85
35 43
79 83
71 78
42 48
50 55
12 18
21 25
73 77
75 83
4 7
55 1
64 67
35 38
32 41
55 56
69 79
25 28
64 72
63 68
37 41
57 67
36 39
23 29
34 40
49 59
53 55
51 55
34 39
43 51
49 54
32 37
51 59
8 16
61 65
35 45
2 5
38 48
71 79
69 71
56 64
65 72
27 37
45 53
53 62
6 13
2 5
30 31
27 34
22 27
67 73
66 76
80 87
60 64
69 76
1 10
58 63
53 59
36 44
6 7
19 23
56 63
53 60
3 5
28 36
36 37
68 73
59 1
54 62
19 24
65 70
14 19
54 57
48 52
36 39
57 61
23 28
27 36
16 24
23 31
72 79
31 41
1 5
20 29
17 20
6 10
24 29
74 82
78 80
35 38
37 41
9 12
43 52
4 11
39 47
29 39
54 62
5 7
5 9
57 59
55 58
46 54
58 64
30 39
53 57
73 79
49 52
10 18
67 69
61 63
65 72
70 71
12 17
6 12
28 37
55 62
44 45
7 13
16 18
72 78
50 55
4 11
41 48
80 83
53 54
45 53
75 84
72 3
27 31
35 40
45 53
24 26
48 55
45 49
67 73
37 44
32 37
50 58
8 11
10 16
31 37
43 51
63 65
59 68
21 26
50 55
46 47
64 73
76 77
26 28
44 53
51 56
65 75
9 18
45 51
24 32
59 63
59 63
45 49
14 22
70 74
30 37
49 50
40 41
22 30
13 23
7 12
6 16
58 59
35 41
22 26
45 55
29 36
66 75
17 18
79 81
49 55
24 31
74 78
55 63
5 14
12 15
40 46
29 32
65 74
28 30
58 68
63 67
64 65
79 80
43 50
51 54
50 51
51 56
23 31
70 71
12 16
10 19
7 16
4 8
85 3
70 74
66 75
2 5
42 52
65 75
80 82
46 50
21 25
80 87
74 75
32 38
51 57
67 69
65 74
50 51
65 75
39 46
67 69
2 6
4 9
44 54
7 14
50 60
34 43
57 64
2 5
3 13
16 21
73 82
27 31
51 52
59 65
66 67
43 47
34 43
67 68
62 69
72 75
10 14
55 58
65 66
40 43
45 48
50 57
30 38
30 34
2 8
80 81
50 60
17 24
26 31
43 45
56 65
75 79
3 6
6 14
38 39
5 8
59 64
79 88
66 67
10 12
76 79
70 77
73 79
25 30
33 38
57 67
46 52
4 14
59 65
22 23
13 15
33 43
62 66
12 16
49 57
72 76
58 59
29 37
30 32
32 35
15 17
68 75
76 84
68 2
42 48
43 52
54 56
68 76
41 47
28 37
10 17
50 60
44 45
10 14
67 76
5 8
69 77
30 36
63 72
46 52
12 19
44 45
34 41
66 70
26 29
79 87
58 59
5 6
47 57
54 63
18 23
53 59
61 68
72 75
41 47
7 16
45 51
60 61
18 24
8 9
67 69
63 72
74 83
72 79
15 20
63 70
35 37
46 49
20 26
14 16
1 3
11 21
27 30
67 75
56 64
57 60
1 10
39 46
20 25
14 15
77 84
26 28
26 29
53 57
42 43
39 42
5 8
54 56
5 13
28 30
37 38
66 74
81 1
70 73
29 39
77 79
11 20
53 54
66 74
21 29
16 17
23 25
64 73
25 35
8 11
43 52
58 64
77 83
36 37
47 48
29 37
23 25
37 44
40 42
76 82
7 13
24 29
6 9
7 12
41 46
21 30
57 67
13 17
34 41
64 65
48 53
73 76
17 24
15 22
1 6
21 22
26 36
36 37
11 17
59 60
68 74
52 53
35 45
55 64
3 7
68 71
19 22
36 40
55 64
30 36
77 81
9 14
59 63
55 58
15 22
47 55
74 75
44 47
48 49
49 55
31 34
26 30
43 50
59 61
11 20
22 32
21 30
72 75
31 34
66 76
66 74
68 72
54 55
40 45
56 66
52 54
8 17
39 45
47 57
71 1
76 77
5 9
72 74
59 65
30 36
11 17
77 78
8 17
42 52
39 40
1 10
68 71
41 42
72 73
38 46
16 20
44 53
60 69
53 61
26 36
50 60
63 65
4 5
59 60
25 32
59 61
46 55
79 86
50 52
20 23
41 48
40 49
48 52
21 25
37 39
65 71
44 47
23 27
32 33
33 41
21 24
12 17
80 89
23 29
62 70
39 43
62 64
28 30
32 39
18 27
68 76
63 68
75 77
72 75
52 61
27 35
8 9
61 64
3 5
46 49
16 21
71 76
22 23
34 41
79 89
27 37
43 44
29 35
50 59
15 25
47 54
96 1
64 73
67 71
71 81
37 46
28 36
7 11
26 28
38 42
7 13
12 19
26 30
48 49
29 30
1 10
47 57
72 73
77 78
53 59
60 69
60 70
26 36
80 84
31 40
36 43
58 61
21 26
56 65
32 35
26 31
27 37
8 15
5 14
70 77
65 71
10 17
29 31
78 87
23 31
80 87
17 22
17 25
23 28
33 39
7 14
14 17
3 7
16 26
39 45
46 52
77 79
63 71
34 44
3 13
69 70
9 16
47 55
61 66
22 31
69 70
50 54
8 10
29 37
43 53
21 28
48 57
12 19
80 88
37 42
43 45
42 44
63 68
43 53
2 6
23 28
49 57
42 47
22 32
53 54
39 45
24 31
17 26
33 36
1 10
47 56
33 37
31 35
41 42
22 25
72 81
8 13
9 16
58 64
35 43
29 36
57 64
69 79
68 3
21 28
22 28
70 75
18 28
76 85
74 79
71 81
35 42
76 82
72 80
43 51
49 51
65 75
43 51
72 75
47 54
27 36
1 3
8 12
78 87
69 75
52 61
54 56
71 72
23 26
55 61
16 21
14 16
61 71
42 50
12 18
38 41
40 42
72 82
30 40
14 15
23 29
26 27
64 73
56 63
10 16
65 69
66 76
80 84
61 63
6 15
61 65
71 81
11 18
72 74
72 75
80 81
34 35
1 2
20 22
62 63
22 31
6 15
60 65
75 78
44 46
48 56
70 78
41 51
57 58
14 21
75 76
69 77
52 1
30 39
15 21
39 45
23 28
14 21
17 19
72 82
52 54
2 11
22 31
11 19
14 22
5 13
21 23
75 80
65 70
47 55
29 32
24 28
43 53
42 47
74 84
16 19
73 80
45 48
31 41
2 5
30 32
4 7
80 81
36 44
67 71
42 51
4 5
3 5
57 61
9 15
68 75
42 47
62 65
54 63
13 20
20 26
74 75
12 17
34 40
68 76
36 42
63 71
61 71
78 87
75 79
64 3
64 68
46 54
4 11
55 63
46 52
40 50
1 6
15 21
48 56
17 21
54 55
56 57
11 17
22 27
41 46
64 65
44 46
74 83
5 10
9 14
69 78
45 53
37 39
59 66
4 8
44 51
46 56
51 57
27 31
34 42
37 47
61 68
80 87
35 37
46 53
36 41
10 16
47 55
6 15
34 39
21 25
37 45
70 72
75 85
47 55
50 52
37 43
46 56
69 77
3 10
39 48
41 48
66 68
66 72
23 33
3 8
6 14
39 40
2 12
23 31
79 83
11 21
16 24
60 70
93 3
34 40
3 6
56 65
34 39
16 20
12 22
6 10
64 68
39 46
1 9
75 85
28 38
5 12
72 79
46 54
15 19
41 44
23 25
58 61
48 49
80 90
41 47
16 17
78 83
51 61
56 63
75 76
28 30
75 84
76 85
5 12
33 36
10 11
18 27
65 74
29 39
71 76
41 50
70 74
74 84
67 68
24 34
64 68
46 54
13 19
45 48
65 68
5 11
64 68
61 62
25 31
38 47
13 19
73 79
55 59
17 21
56 57
15 22
14 16
64 73
65 75
51 58
31 36
72 81
45 52
74 84
25 26
75 81
34 41
56 66
72 82
42 44
18 24
23 25
13 15
63 64
24 28
63 70
48 51
22 27
60 62
16 26
8 13
56 61
15 16
40 41
70 78
47 50
56 65
52 57
30 38
57 61
71 75
66 3
79 83
73 79
30 31
62 65
49 57
53 61
53 54
14 24
75 76
26 36
64 66
58 63
41 48
20 30
8 16
66 74
52 62
8 10
36 46
50 56
31 38
16 19
13 20
73 79
61 68
6 11
17 26
79 81
47 50
45 51
26 27
47 57
7 13
20 28
47 56
36 42
74 75
73 80
50 59
41 49
7 11
78 81
4 14
8 13
20 29
39 42
80 84
65 69
7 13
5 11
27 37
39 46
74 80
31 39
70 78
11 14
62 69
39 46
75 77
47 49
11 18
30 31
14 23
52 56
16 18
15 24
62 1
75 80
6 7
12 16
53 63
14 15
25 26
45 55
61 69
49 56
51 54
77 85
61 69
67 77
36 40
20 23
16 20
2 8
6 16
57 59
67 68
32 40
35 43
32 38
56 60
13 19
28 36
80 88
11 12
24 31
65 70
21 30
14 24
25 26
27 36
40 47
23 27
50 59
75 84
28 37
52 54
37 44
38 44
75 85
6 12
24 26
30 31
78 88
50 59
5 8
2 7
10 17
22 24
39 46
18 21
72 75
48 53
40 48
5 10
22 28
12 14
60 70
70 79
93 2
18 23
80 88
21 23
17 25
53 60
20 21
36 46
67 70
28 32
15 17
47 51
49 54
54 56
72 79
28 35
18 22
61 67
55 61
60 70
49 56
5 12
10 13
8 15
32 33
56 61
25 28
21 28
5 8
58 62
27 33
69 71
39 40
59 60
77 79
41 47
41 43
28 35
28 35
17 24
10 16
74 77
57 59
69 76
64 69
6 12
42 51
64 69
80 84
44 50
44 50
16 20
63 68
14 16
49 52
74 78
1 9
72 73
16 19
54 58
67 77
31 37
58 65
44 52
2 4
18 22
18 25
40 48
23 27
4 10
56 57
20 28
68 76
9 16
3 7
63 68
58 65
44 47
32 42
60 65
40 43
15 19
40 41
36 39
9 19
44 45
11 17
1 3
39 43
23 30
20 29
17 18
56 57
37 40
63 3
46 53
22 28
68 78
41 51
18 22
8 15
55 64
27 28
54 55
69 71
39 47
6 14
55 57
11 16
19 27
54 63
30 39
1 11
9 13
25 35
30 38
59 60
78 82
78 83
30 37
47 52
12 17
73 76
12 14
75 80
18 19
38 42
50 51
21 23
44 49
14 18
76 77
66 74
19 22
56 66
80 83
60 67
67 70
48 49
14 21
46 48
22 23
41 45
80 87
56 60
49 59
10 15
21 24
12 19
19 27
31 34
21 22
77 86
34 36
34 39
9 15
20 30
38 41
97 2
22 25
12 21
74 80
57 65
40 45
78 87
8 10
29 35
64 69
52 62
73 74
64 72
24 29
4 11
11 18
29 34
21 26
48 49
74 82
62 65
2 12
35 43
41 42
17 23
12 17
80 81
29 33
49 54
21 29
80 87
72 77
79 84
37 41
45 47
71 76
71 76
37 47
58 62
65 73
36 44
1 3
35 45
51 61
42 47
1 8
63 65
44 52
5 10
39 44
79 84
40 43
15 20
71 75
44 51
4 11
63 65
29 37
16 23
15 22
13 16
34 35
41 48
16 20
33 43
51 57
10 19
71 77
38 48
49 59
74 83
66 76
55 62
7 15
4 5
64 69
50 60
34 43
67 68
42 43
48 50
70 80
34 39
24 27
47 50
77 81
21 28
10 11
51 56
67 71
61 64
18 19
61 71
13 21
59 62
75 77
57 64
45 50
51 2
43 48
41 48
35 36
40 45
43 48
61 62
31 38
65 73
52 55
53 62
67 74
20 24
48 57
21 31
32 40
29 39
47 56
76 84
23 29
42 49
49 59
29 37
30 40
50 55
5 14
56 60
66 76
38 41
32 40
36 44
53 58
54 55
79 86
42 45
40 41
47 51
9 16
7 10
60 63
74 80
75 85
29 34
72 82
50 56
15 21
38 48
32 42
32 42
18 23
42 46
33 40
54 3
13 19
57 60
4 10
13 17
36 38
70 71
17 26
32 35
7 11
67 76
40 42
32 35
40 44
48 56
40 48
41 50
34 38
18 28
76 82
56 66
9 17
26 30
19 28
14 19
75 76
70 79
76 77
53 60
61 69
69 76
29 33
4 5
46 53
71 75
74 78
35 44
78 87
31 35
60 70
24 34
35 41
12 15
48 56
9 14
2 12
51 54
70 71
12 20
16 22
28 32
19 29
77 86
62 65
52 61
74 3
36 39
71 72
13 21
77 79
67 70
35 45
64 68
51 58
72 81
72 82
71 79
16 26
37 43
6 8
52 58
70 77
33 36
22 25
19 24
58 66
78 81
78 82
64 72
29 33
73 74
29 30
48 49
72 76
68 69
4 8
69 75
61 67
13 15
57 62
43 46
28 35
42 46
36 40
42 44
38 43
72 81
20 24
15 21
36 37
63 65
25 26
7 17
27 30
79 88
22 28
73 75
21 24
25 31
19 26
20 25
29 32
66 74
34 39
38 41
22 25
47 57
63 73
36 46
9 17
55 57
14 21
80 81
74 84
71 73
13 16
57 67
28 36
16 24
10 20
79 2
4 11
45 49
33 41
14 18
58 62
70 72
75 83
22 26
54 63
79 86
40 46
59 69
25 31
47 48
21 22
73 81
47 52
72 74
44 53
11 20
18 21
67 72
40 50
61 63
23 26
24 25
59 63
34 41
6 12
33 39
68 74
64 71
46 47
25 27
13 16
68 74
60 64
66 72
45 49
7 9
54 64
55 59
6 9
9 19
28 29
75 77
67 70
58 66
53 63
70 80
16 21
62 64
5 13
79 88
78 80
68 74
68 71
1 4
20 29
31 34
16 24
25 26
33 36
9 15
37 39
60 65
77 78
55 57
68 77
33 41
69 79
52 54
80 83
79 82
6 11
64 72
37 44
24 25
3 7
55 2
53 58
74 76
22 32
23 31
42 49
25 31
72 82
11 15
7 13
20 29
73 78
67 77
26 32
3 5
1 10
33 43
75 80
44 52
47 53
24 30
80 87
45 53
46 54
38 42
70 75
57 64
26 36
2 10
79 89
43 47
52 54
56 63
8 10
34 37
58 62
31 35
4 6
6 12
10 11
16 25
74 83
53 63
26 36
24 26
68 76
20 30
68 74
68 69
78 85
46 54
74 84
32 34
57 59
48 57
30 38
90 3
42 50
56 65
79 88
41 44
10 20
29 38
24 33
68 76
65 73
57 62
16 20
33 34
77 78
30 37
67 73
47 53
37 43
17 22
19 26
70 79
67 72
65 74
35 42
7 10
59 61
72 81
42 45
23 25
52 53
55 62
32 33
3 8
26 27
21 29
53 57
70 76
66 68
69 71
25 27
20 27
53 60
33 38
44 53
64 69
57 66
27 35
27 36
39 40
41 48
55 61
60 62
78 80
7 8
4 8
28 36
34 42
57 64
48 53
54 55
7 11
71 72
57 63
39 44
79 80
77 82
26 36
18 20
63 70
26 35
37 44
34 36
38 39
2 4
60 63
77 81
12 16
68 74
14 21
36 39
35 41
25 35
53 61
42 51
34 43
41 49
61 66
69 71
59 60
80 83
16 26
58 3
68 69
24 30
6 11
34 38
47 57
33 40
73 77
24 28
41 49
71 75
67 68
13 14
48 55
72 75
3 13
76 77
58 66
30 39
58 62
25 31
12 21
63 69
3 5
30 33
43 46
19 23
43 53
1 6
67 68
72 75
77 83
53 57
63 65
8 12
13 14
40 50
76 86
57 63
77 79
64 67
34 42
63 64
39 40
71 80
57 61
69 74
51 52
24 25
44 52
22 32
6 9
53 61
1 6
68 76
32 39
25 30
51 58
10 17
82 3
30 31
41 43
7 12
17 22
20 26
71 78
76 81
37 43
6 12
21 30
69 77
6 13
38 41
62 68
1 6
48 56
36 40
35 37
22 30
52 57
61 64
5 8
3 9
11 18
51 57
69 79
6 10
34 38
73 83
71 74
28 29
37 38
7 10
31 37
62 65
49 51
68 69
76 77
30 37
44 54
51 55
74 81
60 62
28 35
60 61
61 63
16 22
46 53
49 53
73 74
43 46
1 4
58 59
72 80
34 38
74 83
15 21
51 54
77 79
32 40
55 64
61 63
28 32
76 83
39 46
29 39
61 64
6 15
72 74
67 76
74 76
16 25
9 11
66 70
69 78
16 23
14 23
55 56
35 44
73 75
77 83
58 68
80 2
5 9
30 39
10 16
16 18
23 27
8 17
16 20
65 69
32 34
17 20
10 17
46 51
39 45
75 84
41 51
72 79
69 71
39 44
9 19
48 54
53 58
54 62
30 37
73 75
12 20
73 78
7 11
61 62
27 33
26 28
5 13
54 64
66 67
75 77
7 8
68 78
43 52
41 49
25 32
11 16
79 83
45 46
39 48
4 5
56 64
69 76
64 65
76 79
3 8
71 79
39 45
53 57
62 70
22 26
52 58
63 65
32 33
2 6
18 28
25 34
14 24
68 75
8 14
20 28
45 49
59 62
68 74
16 25
45 53
12 14
65 73
57 62
25 31
1 3
37 38
37 43
40 42
33 38
52 62
61 65
81 1
15 20
52 54
5 9
66 73
69 78
75 81
60 66
12 22
15 17
19 29
46 48
77 87
23 33
12 16
25 33
26 30
74 82
61 64
5 15
45 51
20 29
59 69
10 18
8 15
46 47
10 13
22 25
49 52
11 16
64 67
42 43
11 14
42 50
37 39
49 54
68 75
76 78
72 79
38 48
42 49
74 80
6 10
54 64
64 72
26 27
14 21
28 36
34 37
57 64
65 69
69 71
13 15
35 42
47 52
78 80
31 33
49 57
50 55
24 32
56 63
75 80
35 41
47 48
15 16
61 68
4 7
60 66
40 43
25 33
30 31
2 8
21 22
78 86
55 64
49 51
44 52
39 42
77 87
11 15
17 19
31 40
85 1
68 69
59 67
70 73
41 50
71 76
57 60
17 24
77 86
9 18
31 34
67 75
22 29
71 74
53 62
60 62
32 38
2 8
24 32
28 37
40 49
17 22
22 31
38 47
5 7
54 55
25 29
63 69
66 76
27 33
13 17
45 51
15 19
50 54
54 57
80 83
26 33
11 12
64 70
48 56
71 80
2 11
25 28
76 86
60 69
54 56
75 76
79 81
38 46
1 4
16 22
65 74
80 86
72 76
12 13
29 35
70 74
13 20
55 62
7 14
12 16
11 21
19 23
58 66
35 42
23 24
24 25
69 71
19 27
8 17
79 87
16 21
34 38
22 25
38 48
34 36
13 17
22 31
44 45
5 9
33 37
4 11
11 21
76 80
10 12
13 20
76 2
65 70
67 73
47 49
62 66
35 45
42 49
78 87
44 52
78 87
17 18
46 56
16 25
24 34
70 72
45 54
30 35
18 28
22 32
35 36
3 6
31 38
63 65
23 24
28 38
19 27
31 41
4 14
53 55
73 75
37 43
4 14
45 50
6 7
5 11
28 33
24 33
67 77
55 60
74 80
66 68
5 12
44 48
56 59
26 29
59 68
56 65
9 11
16 24
16 17
42 51
44 45
78 79
41 50
28 37
60 61
77 87
40 43
66 72
36 43
65 67
61 71
80 89
30 35
21 26
27 34
53 54
5 8
12 14
59 67
75 76
10 11
22 32
44 52
51 53
47 56
1 9
79 1
54 55
57 59
15 24
17 21
71 72
30 39
29 30
27 29
1 9
74 79
77 85
36 40
76 82
35 41
27 34
58 64
31 36
66 71
54 57
9 14
56 65
66 70
73 82
77 87
76 84
44 47
44 49
35 36
18 25
67 68
52 57
50 57
10 19
36 42
20 23
53 55
12 20
80 85
46 49
79 88
49 52
65 66
74 78
1 2
24 25
68 72
46 51
62 71
30 39
77 79
4 14
55 60
41 51
61 66
8 18
27 34
33 38
77 83
49 56
74 75
59 66
15 22
70 72
64 74
12 17
68 73
12 15
42 52
48 54
59 68
35 40
50 56
64 68
11 14
23 32
11 16
50 55
21 23
41 45
97 2
75 81
70 78
8 13
9 14
44 45
56 65
12 15
1 11
27 34
53 54
29 30
53 62
41 49
51 53
6 7
16 17
50 60
31 38
40 42
60 63
55 64
48 55
52 56
68 78
21 28
69 75
66 71
15 19
70 75
31 38
36 38
26 29
63 64
59 69
22 24
56 61
7 9
18 23
33 42
41 51
17 21
18 27
79 89
25 34
55 58
2 9
52 58
71 75
79 88
68 75
14 17
53 59
21 24
11 14
29 38
37 42
11 17
54 60
22 30
44 47
33 37
65 74
40 45
15 21
71 77
43 44
54 63
3 12
1 6
53 56
65 72
13 17
65 75
52 62
34 36
19 26
61 68
71 73
78 82
43 50
66 71
52 56
9 13
30 40
4 13
27 30
64 69
38 41
49 51
50 58
26 28
15 18
31 36
57 61
55 56
68 77
39 41
92 2
66 76
53 57
39 48
53 54
16 26
59 63
61 62
15 19
71 77
61 63
19 22
30 37
68 72
48 54
52 53
64 65
70 75
3 8
50 51
79 82
12 20
78 80
32 41
58 67
69 73
56 57
67 72
66 68
46 47
43 48
38 45
56 62
51 61
79 80
23 24
66 73
51 59
79 88
23 32
75 77
4 14
46 52
72 79
63 69
53 56
42 50
62 68
59 62
74 76
51 55
50 55
10 19
58 67
18 27
37 38
9 16
59 68
44 50
55 65
80 85
30 35
58 62
9 12
23 32
41 44
16 24
65 67
43 46
53 62
36 45
57 65
30 39
33 41
54 59
43 51
40 45
58 63
5 13
73 74
38 41
29 36
79 87
59 60
75 76
50 53
34 42
43 47
28 36
47 49
41 50
55 57
23 32
70 3
74 83
9 12
10 19
40 43
40 49
30 39
68 70
42 43
68 78
69 73
45 54
13 14
23 33
70 75
27 28
31 35
51 52
6 9
10 12
4 14
41 49
23 33
42 48
26 30
42 48
57 63
64 71
67 70
47 50
54 57
30 31
80 81
80 87
27 29
40 47
23 24
29 31
6 8
72 78
54 62
15 24
49 59
49 56
28 34
56 57
31 37
46 56
64 71
46 55
61 68
68 75
27 37
55 61
74 75
58 60
60 70
57 59
50 59
7 11
8 16
67 75
27 34
46 49
57 66
31 37
63 69
58 63
58 67
62 69
44 47
86 1
77 82
24 27
4 6
74 80
29 38
57 62
46 49
8 12
35 43
75 84
10 12
56 59
1 6
2 12
18 28
55 61
49 56
13 14
53 63
10 14
75 78
1 5
54 59
27 33
52 55
12 22
47 51
53 55
17 25
6 8
53 58
32 42
43 48
43 49
63 68
63 64
63 72
9 10
57 58
61 65
46 49
29 37
9 15
39 48
20 24
9 13
49 57
9 10
74 79
55 59
13 23
53 59
19 22
59 66
62 68
46 47
18 26
78 86
48 57
58 59
16 17
12 17
15 22
3 13
60 64
25 27
54 61
20 30
22 31
48 55
35 36
80 87
32 40
75 85
69 77
20 30
10 15
40 42
61 67
46 48
18 20
72 80
76 80
31 41
11 17
48 49
54 3
8 18
13 23
67 75
52 56
46 53
16 22
40 48
74 81
2 12
53 60
12 16
24 29
70 74
44 52
20 30
42 49
73 74
58 66
62 70
41 48
74 76
50 52
50 57
61 69
44 50
55 60
18 22
77 81
10 12
56 65
26 31
8 10
40 47
59 62
37 38
24 32
74 81
20 22
30 38
35 36
1 8
41 45
67 73
52 56
55 56
30 35
21 24
14 19
13 20
29 33
24 26
74 77
38 41
60 67
80 2
3 13
63 67
73 74
80 82
12 17
28 33
49 57
26 30
33 42
44 48
18 27
34 43
29 33
58 67
37 44
51 55
3 13
49 58
52 61
19 29
61 70
51 61
48 51
61 71
15 16
77 83
5 10
3 8
29 39
15 18
71 77
57 67
78 80
60 66
4 13
14 19
2 8
48 52
22 30
1 11
26 31
47 49
51 60
27 35
65 67
45 48
80 84
76 78
54 59
57 65
58 64
50 56
11 12
38 42
67 68
27 36
2 7
5 13
65 72
2 10
30 37
53 57
6 10
30 32
63 69
57 63
63 70
23 27
32 40
46 52
24 31
28 31
18 22
52 62
70 80
75 76
3 9
15 21
78 81
73 78
61 2
14 15
25 31
72 80
2 5
5 15
38 47
77 87
15 23
51 58
2 7
43 47
51 59
2 7
72 74
22 24
40 46
23 29
71 76
23 25
65 67
5 9
78 82
66 75
75 81
73 75
19 28
53 56
69 77
23 30
64 70
74 83
60 67
22 28
5 10
67 77
8 17
43 48
28 38
33 36
20 24
41 48
52 57
28 33
5 15
48 51
65 68
66 75
64 66
53 62
73 80
47 51
9 13
14 16
13 14
19 21
39 42
8 16
53 61
76 84
80 83
32 39
56 3
69 78
63 70
51 53
49 53
47 55
54 55
55 62
25 27
65 74
21 30
56 61
14 23
35 38
73 74
31 35
21 28
18 21
36 43
14 15
27 31
74 75
70 77
64 69
76 78
64 65
7 14
62 64
3 10
45 52
78 83
54 63
38 42
33 34
76 78
67 75
80 83
44 51
69 74
64 67
60 62
29 32
41 42
26 34
72 82
7 9
69 74
63 72
27 36
50 52
2 8
77 81
1 9
54 63
58 63
59 63
64 68
94 3
65 69
31 32
43 50
66 74
37 41
9 11
15 21
74 82
52 60
79 87
49 57
36 41
10 14
77 85
20 25
64 74
48 53
45 53
59 66
71 74
48 49
14 21
17 25
55 59
54 59
55 62
41 48
9 15
19 24
54 61
5 10
46 50
16 25
78 87
54 60
42 45
49 56
16 21
4 7
5 15
10 19
40 45
2 6
3 11
51 53
10 18
34 37
60 68
68 73
63 66
34 38
16 24
60 65
38 41
20 22
71 80
27 30
69 78
67 68
9 18
49 56
29 36
78 88
26 31
45 47
34 43
40 49
65 68
62 68
14 22
25 33
55 56
77 81
31 32
61 68
47 52
47 48
50 56
43 44
26 28
41 46
22 23
44 47
13 21
15 18
19 28
32 35
7 10
57 64
2 10
22 30
61 63
69 73
51 53
100 2
20 30
66 74
40 44
6 16
50 57
57 63
70 73
20 30
9 18
1 10
50 53
65 69
72 78
36 40
22 28
72 77
8 15
24 32
48 55
67 73
25 29
44 48
8 13
72 82
4 6
31 35
52 55
53 57
32 36
72 78
19 26
18 24
47 56
31 35
35 42
36 46
50 56
21 25
31 37
40 50
34 39
15 25
5 15
70 75
24 27
72 79
29 36
74 78
20 30
54 55
17 22
78 85
29 37
43 53
45 54
39 44
30 34
67 69
65 75
11 18
77 79
52 55
55 63
66 74
56 59
6 11
34 42
1 11
11 13
37 44
77 87
69 78
14 17
64 66
36 43
19 29
48 58
48 51
43 52
75 76
25 29
25 34
47 55
66 75
73 81
49 53
78 87
13 23
65 75
34 38
18 28
31 40
41 49
63 73
4 6
45 48
68 72
55 64
57 64
62 71
88 1
37 38
18 23
23 31
4 6
80 88
45 46
35 41
67 76
46 54
22 31
71 72
63 64
44 53
42 49
68 74
65 68
1 5
63 71
50 54
45 46
57 62
45 52
67 76
26 27
70 78
6 16
29 35
71 81
70 72
25 32
16 20
57 65
67 77
63 72
43 48
53 62
77 82
20 22
50 53
56 62
65 74
64 73
30 34
22 23
69 79
33 43
19 25
36 38
14 15
30 39
48 57
8 15
38 48
59 63
64 66
53 63
11 19
57 64
27 30
61 66
72 73
20 30
42 45
36 42
15 19
69 77
65 74
6 12
52 56
22 29
51 53
45 52
13 22
26 29
64 67
57 61
52 60
25 27
36 39
60 66
74 78
42 43
69 76
1 4
29 33
58 67
49 52
60 66
70 2
46 48
4 13
41 42
26 30
74 76
46 51
55 60
52 55
2 3
29 38
12 16
65 74
34 36
44 47
59 69
24 34
60 66
33 34
76 79
34 44
26 27
6 10
29 37
71 81
6 7
63 70
31 39
2 3
71 73
14 21
37 41
1 4
39 47
5 9
43 44
48 54
36 45
69 76
16 26
43 47
78 85
13 21
70 78
45 48
17 25
25 34
10 12
71 78
20 23
58 66
4 9
22 30
56 58
59 61
73 79
67 70
40 42
68 69
31 41
26 35
51 55
33 36
74 78
64 72
59 61
69 76
12 17
48 51
50 60
19 27
96 3
30 31
52 59
67 68
10 11
23 33
19 21
2 6
75 83
38 46
29 30
68 71
63 67
12 19
79 83
58 59
10 19
12 20
40 50
47 50
28 35
10 11
53 60
79 83
18 25
33 43
18 21
26 35
75 76
11 14
72 77
41 48
23 29
71 73
19 27
68 78
46 55
40 43
33 36
51 53
7 9
40 50
59 65
47 52
12 17
2 11
9 12
34 41
28 34
46 51
19 29
61 65
69 75
68 74
25 34
79 81
29 39
26 27
34 35
59 66
79 88
48 57
76 84
3 8
17 26
61 64
49 53
45 52
14 17
62 71
13 21
5 9
19 23
8 10
29 33
19 26
74 81
65 66
78 80
47 50
33 37
72 78
46 49
80 87
33 39
64 65
74 78
24 28
66 76
71 75
28 33
3 13
14 17
64 68
49 57
54 61
20 21
61 1
34 41
27 32
44 49
24 27
30 32
70 73
4 5
44 51
4 9
50 58
47 48
26 33
6 12
29 33
52 62
15 17
28 32
10 12
2 8
78 81
67 74
12 15
48 56
16 17
43 50
33 39
51 56
13 20
4 14
18 27
34 38
31 36
74 83
74 80
30 32
49 59
15 21
30 38
39 41
54 59
19 27
26 33
76 82
51 57
44 48
10 17
20 22
70 75
61 64
26 29
25 32
33 34
77 82
9 16
32 35
78 86
76 77
67 70
5 15
33 39
51 60
89 1
47 50
39 49
70 80
1 8
47 49
76 77
44 47
18 22
28 34
64 67
13 18
22 23
57 63
33 34
68 73
8 18
43 44
78 84
68 71
4 10
65 75
24 33
26 30
54 58
31 36
46 52
44 48
38 40
18 21
69 70
41 46
66 75
42 47
69 70
14 17
73 81
77 83
39 44
27 36
19 28
25 28
23 29
75 84
5 7
35 45
73 81
54 57
3 10
59 69
55 59
36 40
56 64
30 31
49 54
15 25
32 36
42 49
35 41
74 77
72 73
17 26
72 77
2 10
49 57
8 13
41 48
33 37
28 30
76 78
49 58
58 63
68 75
42 52
7 12
79 83
71 77
30 35
42 47
34 40
34 43
46 48
33 39
63 64
4 12
55 57
44 48
66 71
8 12
54 61
62 3
64 72
56 57
15 16
42 50
77 81
73 80
21 31
45 49
18 26
25 26
64 66
58 59
16 24
49 58
41 46
46 52
26 28
16 21
53 56
63 66
35 37
68 74
75 83
50 54
45 54
49 59
7 11
7 11
52 61
33 37
72 77
40 48
45 48
49 53
58 62
50 58
71 74
24 32
42 49
42 45
46 55
5 14
25 32
79 89
67 76
79 86
68 73
22 25
56 63
41 51
72 81
73 79
66 76
69 74
71 72
25 32
57 59
40 46
74 82
46 49
18 19
75 85
79 1
1 3
1 9
42 50
28 36
28 32
1 9
24 29
36 39
19 26
77 82
2 9
27 35
76 86
80 81
41 50
50 58
71 79
29 30
2 5
21 23
55 56
55 56
9 14
8 12
56 58
68 72
28 36
18 27
12 15
50 55
44 49
41 45
70 80
10 17
51 57
29 38
51 56
80 81
78 85
56 57
68 78
63 66
24 27
45 50
56 60
57 67
24 25
19 27
79 87
31 37
60 70
27 29
53 57
11 12
73 82
73 74
77 79
10 12
43 51
65 71
63 71
55 58
66 67
13 20
12 16
79 88
25 28
42 50
23 30
24 34
63 70
77 79
36 43
77 82
64 70
45 47
18 27
51 54
39 48
73 3
73 78
74 83
19 23
9 10
21 24
35 39
12 21
22 26
49 52
27 31
20 30
11 18
49 50
9 12
52 62
20 28
24 30
51 59
8 9
60 66
12 21
44 45
27 29
54 60
45 55
57 63
33 36
32 36
43 50
53 60
39 44
50 57
59 65
40 47
43 45
1 7
6 12
28 29
7 12
34 36
43 45
3 7
66 72
50 60
30 36
27 28
70 80
72 74
37 44
4 12
48 49
54 63
58 64
72 78
1 4
7 15
54 60
27 33
22 31
32 39
31 37
41 43
52 57
1 8
29 36
80 86
9 10
33 34
36 38
22 25
2 8
19 24
15 22
92 3
60 63
59 67
55 62
65 73
53 54
71 77
13 19
10 13
38 45
74 82
13 19
24 33
64 71
40 46
50 55
54 63
2 8
71 74
60 61
20 27
49 57
54 56
79 82
22 27
45 48
64 69
78 84
70 73
13 23
78 88
43 47
1 11
80 89
51 53
12 14
75 84
4 9
10 12
63 72
22 30
3 4
37 38
1 8
71 75
48 52
64 71
27 32
17 26
75 80
8 13
30 39
50 59
76 79
48 51
66 74
44 54
63 66
10 12
45 54
3 5
72 79
39 44
11 16
39 48
23 32
76 77
14 17
41 43
77 87
6 10
24 33
30 37
80 87
59 66
21 28
14 22
14 23
42 46
28 36
54 55
54 64
27 36
68 72
80 85
45 55
57 63
8 15
74 82
70 75
4 7
38 46
62 65
59 3
51 55
21 22
57 60
32 33
31 40
73 76
74 83
42 43
54 61
37 38
6 12
45 54
72 75
71 74
55 61
38 48
39 43
56 57
38 46
37 42
42 52
80 83
45 54
10 14
62 70
46 53
28 33
80 89
14 19
33 42
3 9
33 35
44 50
73 75
38 43
72 77
25 27
43 44
9 16
41 49
3 13
40 44
25 33
38 48
1 3
14 19
77 87
14 21
5 12
40 42
21 31
3 13
59 62
66 69
55 59
64 70
3 4
40 49
13 15
78 3
68 74
72 82
80 88
3 10
61 63
47 55
22 24
56 63
15 23
7 10
10 19
40 42
30 37
4 12
2 6
76 86
9 14
23 24
24 31
17 26
3 12
45 55
44 45
1 7
33 34
80 90
20 24
67 71
62 69
49 58
29 33
66 73
39 44
11 20
3 9
66 72
33 41
74 82
23 27
30 38
35 40
11 15
49 59
42 46
51 52
18 24
35 42
46 54
50 52
78 88
73 83
34 35
62 67
69 76
51 52
53 60
59 66
77 83
33 42
6 7
58 64
15 20
54 63
62 63
51 56
73 82
59 65
39 49
2 4
5 11
68 77
37 41
11 20
60 66
13 21
78 87
37 45
41 45
73 1
56 57
69 75
64 74
60 67
42 50
44 45
2 12
18 28
42 50
21 26
35 41
67 69
51 60
26 27
78 88
9 14
52 55
49 54
57 60
60 70
65 70
62 63
9 13
40 46
51 52
11 18
40 43
80 83
44 54
40 42
31 40
22 26
14 20
58 64
25 34
53 57
23 25
68 77
68 70
37 44
41 47
48 53
54 63
15 16
76 78
27 34
71 75
22 27
15 20
10 15
24 26
41 43
1 4
56 57
72 73
65 73
64 65
34 44
3 13
55 57
40 49
77 78
17 26
76 77
56 66
63 69
29 38
65 70
2 3
73 74
34 40
13 22
74 84
58 1
57 66
10 12
4 10
25 28
2 11
69 76
16 24
6 11
21 24
52 54
11 20
30 33
36 38
18 25
73 80
67 71
67 74
76 86
51 56
67 76
52 54
28 36
20 27
78 82
14 24
30 36
24 34
20 22
22 31
49 56
33 42
21 23
26 30
74 79
26 36
59 61
52 53
73 78
23 31
36 43
72 78
47 54
59 68
53 58
20 30
2 12
67 70
7 11
62 70
55 60
13 20
16 22
63 70
35 38
40 44
12 16
70 77
51 52
84 1
72 74
41 48
50 55
3 9
51 57
17 23
80 81
19 24
8 10
6 12
65 68
62 66
64 73
40 46
2 5
58 63
2 6
43 47
19 24
23 30
40 49
20 23
69 78
55 61
14 17
27 37
22 26
17 23
28 33
2 9
4 13
22 24
8 18
62 70
3 7
68 74
41 42
8 9
75 84
14 21
1 2
75 84
11 14
4 14
58 64
69 73
78 86
60 62
68 69
14 18
26 27
36 45
35 43
79 82
34 38
43 47
46 53
54 61
4 10
75 85
75 81
77 80
28 35
11 21
31 32
49 59
10 11
32 36
37 46
3 11
54 57
62 66
29 38
46 56
41 48
19 26
15 24
56 57
31 34
66 68
44 47
15 17
67 69
67 70
50 2
76 81
16 17
72 73
14 20
79 89
70 72
29 36
11 13
39 47
11 17
66 67
75 80
27 33
33 41
2 6
23 24
25 31
68 75
63 69
36 46
54 59
54 61
60 61
57 61
50 55
29 34
49 58
30 34
80 86
7 11
52 62
48 58
63 65
12 15
16 19
39 44
57 60
54 64
54 63
76 84
1 4
22 25
10 19
5 12
5 6
64 65
50 58
28 38
2 8
2 4
63 3
32 37
23 31
51 54
56 65
59 66
75 84
79 86
66 74
21 25
70 74
26 35
19 29
8 17
48 51
30 36
65 75
67 72
51 61
78 79
63 66
35 44
69 74
79 81
79 89
64 65
44 52
24 25
62 67
36 39
75 83
80 83
58 63
1 9
61 71
32 33
64 74
54 57
5 7
32 35
6 7
80 89
33 41
16 26
57 63
8 17
2 12
19 25
33 42
53 59
1 6
45 54
31 33
15 24
67 70
40 46
1 10
74 79
72 81
6 12
75 83
34 44
1 11
25 35
65 2
52 59
77 86
10 14
76 82
44 46
77 83
14 15
44 49
55 62
17 18
9 18
50 59
57 65
48 57
73 77
40 43
9 11
62 66
23 31
32 33
30 33
51 54
69 76
71 75
64 74
62 66
36 43
11 21
12 20
10 17
10 16
49 53
6 13
61 66
37 46
64 72
68 77
9 17
28 29
50 52
78 85
70 75
9 13
2 9
58 63
20 22
54 61
31 32
35 43
73 76
78 83
75 82
11 15
64 71
48 54
21 28
4 9
53 56
56 58
10 18
79 80
38 41
76 77
56 62
3 13
69 1
75 81
66 74
76 82
41 51
29 31
67 77
37 47
13 18
55 64
50 51
46 48
57 59
25 28
17 26
19 28
16 22
5 11
80 81
64 74
21 24
33 34
68 69
7 9
22 27
9 13
59 61
33 42
71 81
39 49
23 26
34 40
30 40
6 13
35 41
5 9
33 38
28 32
12 19
34 44
5 14
22 30
35 42
29 30
5 8
46 55
2 3
5 8
40 48
63 71
33 41
14 24
62 66
66 68
35 42
43 52
55 60
33 41
64 67
5 13
52 62
16 23
48 51
60 69
74 82
46 52
52 56
46 52
1 2
25 29
67 3
18 23
29 36
25 27
26 32
24 33
26 27
59 65
43 44
66 73
47 49
20 29
69 73
58 67
57 65
61 71
51 52
49 55
52 58
65 71
32 39
63 66
71 80
73 74
72 76
70 75
38 48
31 40
40 41
24 25
57 66
57 63
58 60
75 81
48 58
60 62
22 26
7 9
38 47
65 68
65 74
37 38
29 32
57 58
28 30
70 75
16 23
47 49
34 38
53 62
5 13
42 50
56 61
45 51
59 61
18 28
40 50
12 14
47 49
19 22
80 87
54 61
3 7
71 78
52 61
69 73
53 62
6 12
98 1
52 61
2 12
67 71
40 41
47 48
13 15
31 40
76 80
78 85
79 81
37 38
39 40
66 74
23 25
59 67
39 41
51 58
70 74
34 35
23 26
60 62
17 25
40 48
4 7
29 31
74 78
75 76
29 32
80 85
33 34
76 77
43 52
17 21
17 26
9 15
55 65
19 25
46 52
2 10
45 55
23 25
20 28
71 75
9 14
71 75
38 40
20 22
6 10
62 71
67 74
30 31
54 56
48 54
33 38
32 40
5 13
40 50
28 32
16 24
26 32
42 44
40 49
70 77
72 75
20 30
59 66
49 56
27 31
70 76
64 73
16 25
71 74
56 66
28 30
34 38
66 68
31 37
47 54
79 82
43 50
3 10
73 78
58 59
64 74
40 47
18 19
35 44
61 66
23 31
21 25
44 49
38 45
45 50
52 55
77 78
47 49
13 22
72 80
99 1
38 47
39 44
36 42
79 81
48 55
78 84
40 42
69 74
53 57
36 46
35 43
24 32
43 52
60 68
6 10
23 33
27 28
59 65
38 43
41 49
33 40
77 87
20 27
56 60
29 34
22 30
41 50
48 51
28 32
20 21
80 86
67 76
7 14
68 76
22 24
48 49
12 15
2 5
65 70
18 19
78 84
67 72
57 58
45 46
22 30
56 61
14 20
55 60
63 66
18 20
59 63
39 41
2 10
29 37
78 79
25 27
69 72
72 81
61 71
42 46
70 78
34 41
57 65
69 75
39 43
71 73
14 18
19 25
65 66
29 30
21 24
72 77
12 21
19 21
64 71
78 84
76 82
77 82
11 18
41 44
76 83
63 65
69 73
75 78
32 38
69 79
66 75
63 68
2 8
17 24
37 42
20 29
29 39
65 69
49 54
64 71
13 14
47 51
7 13
