50
5 1 18 19 20 32
5 381 264 325 462 227
9 5 14 20 27 32 38 40 43 46
1 64
1 8
10 10 190 412 484 381 324 162 264 80 179
6 4 6 14 23 26 48
6 193 460 157 325 277 342
8 11 13 16 26 27 36 40 47
7 324 160 180 31 135 49 270
8 5 10 15 16 17 38 43 47
4 205 40 465 409
5 2 19 33 45 46
2 115 42
10 2 5 7 23 24 26 43 44 45 49
10 137 220 316 410 381 90 298 300 60 31
10 1 9 11 15 19 24 28 38 43 46
6 120 197 213 442 197 490
4 15 21 29 42
6 105 301 309 398 324 376
9 1 10 14 17 19 22 23 25 39
1 305
1 50
9 109 54 46 10 428 7 151 21 188
1 23
5 10 179 386 196 95
3 2 38 42
7 94 329 165 22 300 60 430
9 1 2 8 18 30 33 38 42 47
3 415 380 112
6 4 9 30 31 38 45
2 488 455
10 5 10 21 23 25 26 28 35 45 49
6 356 22 63 50 251 6
2 9 50
7 338 61 434 234 475 239 434
9 13 14 19 20 28 37 43 48 49
6 415 115 204 88 283 300
4 1 13 24 44
7 496 176 102 269 41 306 327
7 4 24 26 27 31 33 34
6 164 452 485 374 357 325
5 4 5 26 33 50
4 289 66 331 140
6 3 7 11 17 24 49
2 103 468
2 29 42
4 147 262 175 464
9 1 6 14 17 26 27 40 44 50
7 41 212 337 420 432 311 462
4 9 28 33 34
8 167 225 341 378 123 251 454 359
8 13 16 18 22 24 26 28 41
6 168 207 330 453 250 305
6 4 5 12 13 16 48
7 487 290 77 189 301 423 48
7 9 13 20 27 31 40 44
10 435 463 25 275 245 39 12 144 36 278
4 5 16 42 45
8 359 463 352 63 47 436 426 148
4 6 7 13 43
4 240 103 491 300
2 30 46
5 349 175 399 258 191
9 1 2 16 25 27 28 34 36 49
9 426 281 107 335 387 499 128 20 268
4 32 39 43 47
3 72 117 248
3 22 39 45
2 382 364
2 8 45
5 244 367 109 289 353
8 16 22 25 26 27 29 37 49
6 355 404 357 394 239 192
1 38
8 444 47 430 211 166 130 372 480
6 1 27 33 45 49 50
4 263 371 277 376
10 15 16 17 20 33 34 36 37 43 44
6 60 454 29 139 25 470
4 14 44 45 47
9 137 497 131 232 286 352 300 207 293
1 18
4 87 236 162 90
1 32
1 339
5 1 18 19 21 28
1 222
2 6 32
4 206 143 120 275
6 1 4 6 13 18 36
1 214
3 22 25 47
9 430 254 327 282 237 393 282 120 478
6 1 14 16 35 44 45
10 352 122 478 270 130 472 164 405 319 450
2 9 43
7 214 343 395 104 364 379 76
4 28 30 34 44
7 115 331 458 322 102 78 31
