100
4 9 11 18 36
2 158 262
7 13 19 29 36 39 46 49
1 130
10 3 6 7 8 21 29 32 39 44 47
7 612 264 331 152 733 650 125
9 4 11 15 18 19 21 36 42 45
3 726 312 778
2 5 16
10 200 299 702 702 792 733 312 276 421 227
2 18 31
9 213 216 74 685 332 698 615 789 531
5 1 27 28 39 47
8 707 509 52 657 671 545 606 197
5 18 23 44 45 49
1 394
7 7 12 13 14 20 47 48
7 622 247 341 83 580 618 511
3 11 17 46
8 745 1 15 120 737 687 134 377
4 1 11 29 47
3 91 680 684
5 9 12 27 31 44
3 430 509 696
12 5 6 10 13 18 24 30 34 39 41 43 46
1 439
12 4 6 14 18 26 31 36 39 46 47 49 50
8 410 160 614 284 788 323 586 31
8 6 19 28 29 30 34 36 45
7 517 211 694 175 421 551 612
12 10 11 12 17 25 26 27 38 40 45 47 49
1 16
6 2 21 34 37 38 46
7 290 90 226 755 157 147 666
12 4 7 20 28 29 31 33 35 42 43 46 48
10 359 790 398 607 96 702 628 731 418 207
8 2 11 23 32 39 42 44 46
4 191 84 516 671
7 18 20 25 27 37 39 45
3 370 764 673
10 12 13 15 19 20 25 26 35 39 46
7 619 363 327 710 553 157 485
11 1 18 21 22 26 29 33 38 41 43 49
10 607 264 40 142 482 323 508 278 9 382
6 12 13 20 39 40 48
3 153 304 770
11 1 4 18 21 26 31 34 38 39 41 49
7 730 780 573 230 452 62 211
7 2 6 10 11 30 39 40
4 91 27 31 17
1 7
6 528 6 511 207 342 461
11 2 22 29 30 32 33 38 39 42 44 50
8 137 573 296 38 682 346 209 737
8 3 6 14 21 24 26 39 47
4 636 513 182 255
12 6 7 9 12 13 17 21 31 36 40 42 50
10 263 743 750 118 656 38 689 796 68 15
2 28 48
10 686 543 649 128 230 218 347 720 54 223
1 18
6 731 758 728 639 743 172
5 9 21 22 40 49
10 342 596 322 146 158 692 450 514 639 49
9 10 11 17 20 26 33 34 35 45
3 476 783 771
8 1 11 12 21 30 36 37 43
6 680 422 651 316 239 690
8 5 6 25 30 36 43 45 50
8 111 1 553 46 635 736 800 385
3 6 9 15
6 611 487 350 305 514 625
7 2 12 23 44 45 46 48
5 586 235 556 592 585
5 24 26 29 43 49
2 421 648
12 7 8 9 20 24 27 29 34 39 45 49 50
10 96 734 71 187 351 741 700 40 500 733
1 13
8 517 148 560 320 610 376 177 360
9 7 13 15 17 26 31 34 36 38
2 598 682
7 18 19 22 24 40 46 50
1 362
9 1 6 19 21 22 24 31 32 49
7 559 414 131 661 182 152 425
8 6 7 9 13 14 21 41 46
1 20
6 7 19 26 30 38 45
2 790 431
9 1 2 4 7 20 24 25 27 39
10 581 636 511 448 487 694 659 273 226 270
3 5 18 23
2 643 794
2 25 46
3 405 697 427
2 10 16
10 383 85 353 372 38 568 216 324 594 648
4 3 8 24 35
1 494
6 2 15 18 25 42 49
8 565 87 328 205 51 660 272 644
9 3 7 9 15 22 33 34 47 49
7 592 527 775 433 175 189 178
12 10 14 17 18 20 23 27 32 38 45 49 50
7 41 463 401 370 681 638 626
4 25 31 33 40
8 94 274 563 663 99 323 426 701
8 1 3 10 14 16 29 37 44
3 598 229 734
11 9 15 17 25 28 36 37 38 46 48 49
8 321 467 719 363 405 485 119 330
9 3 4 8 22 27 32 34 41 50
1 190
4 36 41 42 48
6 738 378 58 721 296 101
8 2 7 21 26 32 33 37 46
3 356 643 578
10 1 3 11 31 34 35 38 45 48 50
2 553 772
6 14 27 43 48 49 50
3 230 387 723
2 3 18
3 553 578 450
10 1 14 20 29 34 36 39 45 46 48
10 28 65 72 606 271 361 441 257 607 367
12 2 4 5 6 9 11 13 17 18 20 29 45
5 482 155 691 486 321
10 2 6 28 30 32 36 37 41 47 48
4 747 425 340 684
11 1 2 6 7 8 21 27 32 40 45 46
2 511 15
4 13 16 27 41
5 510 483 108 117 77
12 11 19 20 22 26 27 31 34 35 38 45 48
3 78 148 204
5 15 21 30 46 50
10 290 779 39 267 216 105 130 447 471 273
3 5 26 33
2 552 157
11 2 3 6 7 9 12 30 33 42 44 47
7 44 599 275 706 171 700 313
12 2 8 10 22 26 30 31 34 35 39 44 46
5 789 251 732 381 325
8 8 10 11 18 40 42 45 50
5 358 232 328 632 740
3 7 38 42
9 277 408 544 448 156 174 694 77 535
4 13 28 37 40
7 357 289 499 374 383 540 342
12 1 4 10 12 13 14 21 22 23 28 32 45
5 122 319 98 68 304
8 3 4 5 7 11 12 14 27
2 48 344
5 16 18 21 33 41
7 134 115 612 614 203 417 138
6 7 12 19 20 32 38
4 673 370 790 398
8 5 12 14 18 24 29 33 44
7 404 153 651 247 461 764 406
12 5 7 13 16 20 28 31 36 38 42 43 46
10 613 740 251 389 308 260 522 565 564 199
6 10 18 26 31 43 45
3 737 609 594
7 3 9 10 12 21 28 38
10 211 45 30 362 447 719 754 616 718 331
6 2 13 16 35 36 44
4 385 380 177 752
1 10
9 627 652 125 470 465 368 491 653 775
7 2 12 13 20 24 30 44
1 505
2 9 25
2 357 14
9 5 12 13 20 29 37 45 46 49
6 793 102 384 318 361 500
9 5 13 16 17 27 34 36 38 49
10 777 11 477 338 256 759 510 324 318 195
6 5 14 17 22 37 50
3 487 618 787
2 1 45
8 465 178 717 41 563 656 688 291
1 20
9 790 49 335 663 567 15 263 502 384
2 22 26
2 393 710
10 6 7 20 22 30 34 37 42 43 48
1 541
3 13 20 38
6 376 464 154 528 374 595
9 15 18 19 25 27 32 33 41 45
1 118
11 1 8 9 13 15 24 36 37 41 42 50
1 655
3 6 7 26
8 747 711 352 436 728 524 475 329
12 4 6 10 12 13 16 19 20 28 37 40 47
5 208 773 729 105 294
5 20 40 42 43 47
4 165 33 732 210
