200
5 18 37 39 43 46
9 875 708 836 827 120 841 605 723 740
5 3 5 6 13 17
4 100 480 597 242
7 3 5 7 8 9 18 43
15 582 572 19 189 355 436 188 721 511 60 354 622 809 317 808
3 4 7 23
9 806 403 606 437 870 893 543 233 363
4 9 23 35 39
11 289 19 34 152 335 101 517 577 561 402 71
13 2 4 6 8 10 12 17 20 21 24 31 43 44
7 50 668 430 748 384 210 151
13 2 5 7 12 17 21 28 32 38 40 41 44 46
11 775 323 279 287 859 449 164 159 826 695 163
5 6 15 17 37 47
20 252 484 240 889 467 64 23 186 438 846 655 689 871 791 689 267 511 659 342 884
8 3 8 10 15 22 25 35 48
8 864 611 176 15 695 563 153 881
12 2 5 8 12 13 14 19 31 38 42 47 48
15 348 76 825 885 228 717 36 309 750 251 648 7 646 78 767
10 3 18 30 32 33 34 37 42 44 50
20 749 79 774 188 863 765 491 461 725 282 795 286 327 721 2 131 529 286 760 378
10 6 9 14 22 30 34 38 40 48 49
6 97 493 769 226 426 109
9 5 15 22 27 29 31 34 42 47
2 687 558
4 13 15 20 30
10 627 809 673 529 361 505 252 485 368 774
6 14 25 37 38 47 50
8 312 840 323 403 296 382 616 738
5 7 35 40 47 49
3 417 555 880
9 1 4 5 10 21 31 39 46 48
17 679 29 91 242 14 543 464 68 734 593 826 360 25 281 391 718 669
11 7 9 15 16 20 21 22 31 35 40 43
13 244 3 631 638 658 391 644 446 208 657 617 895 192
13 1 5 19 23 26 27 28 34 40 43 48 49 50
5 709 727 254 339 849
4 24 26 45 47
7 393 578 340 703 347 223 471
1 39
6 638 353 509 149 517 811
5 9 21 23 25 28
18 38 515 157 295 631 100 464 586 876 431 343 557 847 514 300 792 213 381
11 16 17 18 21 23 25 27 32 42 47 48
18 438 239 248 369 652 580 875 20 177 133 41 113 536 110 221 361 673 703
9 3 15 17 18 30 31 33 45 49
14 57 798 434 416 320 898 800 452 757 66 173 672 670 90
9 2 22 23 24 27 40 45 46 49
2 449 884
13 4 9 15 16 17 27 28 30 35 39 41 43 44
5 194 297 511 327 187
2 29 43
20 780 118 362 240 884 738 122 467 719 408 151 860 576 119 412 583 176 179 483 571
11 1 5 7 10 13 23 24 28 37 47 50
12 403 297 572 854 819 286 2 613 440 810 810 119
9 5 11 12 13 16 26 31 41 45
16 543 471 199 646 481 657 440 46 450 763 201 690 273 72 424 90
8 2 9 11 19 20 33 45 48
5 359 139 28 329 376
9 9 11 15 16 25 39 42 46 49
8 447 564 292 125 39 630 789 1
12 2 3 11 18 21 24 25 26 28 35 47 48
6 587 738 246 608 615 878
5 3 11 18 24 29
18 161 197 224 456 851 140 427 816 235 57 192 44 628 363 748 464 588 119
5 5 33 41 42 44
17 414 558 158 9 397 412 745 179 110 556 760 431 684 50 303 94 69
9 4 5 12 13 19 33 34 40 42
11 159 212 86 711 168 93 892 899 481 346 234
6 2 3 10 19 24 50
15 591 807 761 493 578 234 588 471 426 311 38 138 765 720 307
3 12 28 30
12 687 834 117 803 86 139 668 195 302 262 189 154
13 1 6 14 16 19 25 27 29 30 31 39 43 48
7 625 881 265 774 497 568 139
12 1 3 13 17 18 21 27 28 31 32 37 46
11 832 442 413 62 851 838 742 640 546 900 820
9 3 8 9 13 14 35 37 41 47
9 355 267 314 691 102 60 331 622 900
9 4 17 25 28 36 40 41 45 50
3 147 406 602
10 2 5 8 12 17 21 22 30 38 48
7 467 272 323 31 772 878 890
8 1 3 8 14 18 35 47 48
8 6 700 788 815 436 225 277 209
11 6 7 10 12 15 24 32 33 37 40 42
17 196 44 150 840 142 90 341 174 758 715 93 48 530 385 22 528 117
8 2 3 4 19 43 46 48 49
14 11 340 534 357 457 165 706 153 581 783 484 709 894 117
7 2 16 19 25 29 38 43
19 111 37 572 33 708 47 132 245 249 185 191 72 761 302 562 236 103 492 611
5 19 20 21 32 50
9 515 620 790 587 45 224 73 861 23
6 2 7 13 24 32 42
9 103 561 644 430 472 191 45 55 426
7 16 29 30 32 34 41 50
12 324 776 814 229 110 14 599 456 284 312 899 195
12 1 11 12 14 18 20 22 25 34 36 37 44
3 456 286 477
2 2 30
3 711 851 820
11 2 4 11 12 13 21 22 23 33 35 44
11 741 598 774 823 242 267 222 867 148 367 154
11 8 17 20 21 22 26 30 34 36 41 46
18 790 832 585 297 555 513 834 855 307 541 638 601 143 515 597 300 386 282
1 48
2 118 877
2 1 31
1 746
4 2 11 32 36
14 396 252 628 382 139 608 52 668 482 111 447 751 608 72
8 3 10 11 15 16 24 39 47
15 17 800 576 455 38 684 211 545 275 517 815 139 516 518 357
5 2 13 20 22 36
2 485 555
1 29
10 2 667 430 441 241 183 798 119 415 373
1 1
3 452 203 247
12 10 14 18 19 24 25 26 39 40 44 46 50
9 840 161 545 32 568 492 22 447 362
7 4 6 9 21 23 45 49
11 878 444 160 399 1 709 121 358 842 568 836
7 4 7 19 20 21 29 40
15 404 559 752 520 84 262 95 705 541 517 739 399 874 643 407
7 2 14 24 27 37 45 50
12 709 17 321 665 205 426 644 135 417 277 272 601
7 10 13 24 30 37 46 49
8 570 813 757 10 824 679 757 74
8 5 6 11 13 22 29 37 49
2 898 247
4 15 25 36 38
10 541 229 196 608 133 635 695 549 30 633
12 5 14 15 17 21 22 27 31 32 36 38 43
12 474 590 802 681 42 162 19 854 16 580 25 208
9 6 23 29 32 40 41 43 47 48
17 307 197 847 493 65 522 797 379 822 649 686 439 367 588 547 336 826
7 3 19 22 37 38 42 48
20 671 411 197 406 105 207 104 93 832 62 743 674 644 786 643 536 69 447 345 809
7 6 8 29 38 39 43 45
10 842 373 801 133 546 486 663 897 756 456
12 3 5 6 10 18 21 30 34 35 41 45 49
6 68 80 7 659 318 887
10 9 15 19 21 27 30 34 38 40 42
12 780 121 629 312 186 256 605 39 534 795 805 818
3 21 33 42
8 788 835 729 201 698 35 404 78
7 2 18 23 27 41 48 49
5 668 223 890 707 683
12 6 9 15 19 24 25 31 34 35 40 45 50
6 172 683 310 348 290 56
1 37
19 497 457 592 185 171 774 214 635 757 472 840 865 660 18 745 405 587 225 860
5 3 14 19 29 43
4 640 707 55 243
3 12 34 44
11 679 56 13 686 299 536 643 881 790 171 509
13 1 3 7 10 11 14 23 24 27 29 30 44 48
17 423 151 424 428 470 234 413 608 646 758 69 734 886 257 249 619 721
1 23
10 588 121 779 511 447 608 763 255 281 769
10 6 9 11 18 20 32 36 37 49 50
14 688 676 722 203 784 655 897 25 368 464 380 10 660 512
10 2 6 13 21 23 31 34 37 44 50
10 140 379 796 54 15 844 804 861 759 302
10 4 5 11 12 15 29 32 35 40 48
1 203
12 9 10 16 17 20 22 27 31 35 42 45 48
14 174 805 46 564 269 877 36 45 203 781 652 68 623 524
10 1 2 6 7 13 20 21 36 43 50
1 792
4 10 17 27 48
8 786 608 463 309 206 885 230 793
5 5 12 16 32 45
14 341 717 651 203 758 479 466 492 422 329 619 409 291 594
12 7 16 18 19 26 27 37 41 42 44 46 48
18 317 293 604 571 66 732 426 836 617 226 578 44 776 476 155 7 457 628
12 6 7 12 14 23 24 28 29 30 41 43 50
13 808 262 502 340 765 424 701 436 709 815 628 29 105
7 6 11 17 21 34 37 39
10 706 414 714 687 749 751 876 814 475 344
10 3 10 12 16 29 36 41 43 46 48
11 798 661 324 638 532 331 300 648 485 733 632
12 3 11 12 13 15 16 18 26 33 37 44 46
7 498 471 649 149 239 133 845
7 5 7 14 22 24 34 47
7 524 864 599 569 529 825 804
8 3 10 14 34 35 36 37 45
18 197 85 793 19 506 163 652 869 653 149 395 294 374 191 532 353 715 778
6 7 12 13 25 28 45
2 206 165
12 2 7 8 10 27 34 37 38 39 40 43 49
5 410 498 41 440 361
2 34 49
11 2 229 678 513 186 531 323 424 106 893 41
9 6 19 24 25 26 32 37 38 47
3 392 199 479
9 2 4 23 27 31 37 44 46 47
19 45 207 168 834 260 366 711 776 690 796 513 719 618 808 292 259 317 831 553
3 5 34 41
9 288 793 307 740 785 794 31 875 795
8 6 10 11 32 36 40 44 45
12 820 647 195 183 759 848 392 438 845 674 277 691
6 2 10 15 17 43 44
11 783 268 721 606 865 461 425 307 256 857 266
10 5 11 14 15 18 31 33 39 40 43
14 581 388 134 803 233 263 18 127 136 332 870 557 31 138
11 4 6 9 18 36 43 45 46 47 48 50
16 560 17 532 842 662 92 212 800 616 347 18 116 94 817 581 659
3 4 17 35
11 606 710 644 575 381 849 36 77 417 799 262
3 2 11 22
11 26 346 755 440 800 172 5 285 454 574 642
4 32 33 48 49
11 623 374 859 734 479 561 648 58 737 310 565
2 3 11
6 694 198 606 748 234 702
11 2 3 13 14 16 17 29 31 43 44 48
8 493 136 333 617 323 225 308 412
12 1 3 5 18 24 29 30 31 33 44 48 50
19 377 664 790 462 17 843 115 645 124 788 497 581 510 321 729 618 189 797 784
10 6 11 20 21 24 29 30 38 42 47
14 4 278 523 52 510 298 224 372 20 467 425 754 867 9
6 2 3 10 18 22 36
4 591 247 27 166
5 4 13 17 46 49
12 531 809 67 684 8 278 611 121 774 446 754 397
5 9 13 36 43 50
15 192 739 736 554 890 664 468 622 570 791 260 435 415 342 268
7 3 13 20 28 30 49 50
11 83 663 148 567 351 289 773 660 30 401 782
4 6 11 24 41
19 311 294 539 547 14 675 829 372 836 742 153 508 510 788 542 307 407 818 440
7 1 2 9 18 27 34 36
7 793 453 492 56 282 101 890
1 27
18 863 456 96 92 415 90 162 148 471 17 866 639 172 655 391 840 432 437
12 2 7 11 13 18 23 35 36 41 42 46 50
15 19 236 233 343 480 569 890 705 569 384 421 127 549 148 448
5 1 16 33 38 42
9 82 97 393 275 844 753 405 164 80
6 3 14 15 16 26 33
11 455 550 8 215 311 827 191 815 685 537 144
5 11 15 17 40 43
7 337 607 486 715 881 409 146
13 1 3 4 5 8 15 17 18 24 41 44 45 47
8 134 86 321 536 176 133 61 276
13 10 12 17 20 22 24 25 29 31 34 35 36 41
8 296 56 287 153 19 723 355 333
7 15 27 29 31 36 47 48
7 94 229 528 484 731 387 86
13 1 12 14 19 23 25 27 32 34 37 41 48 49
1 315
12 8 10 11 18 20 22 29 35 37 40 44 46
17 836 723 734 80 579 226 857 515 105 602 12 92 68 367 718 712 856
12 1 7 13 19 20 21 29 32 33 39 40 43
3 781 620 828
11 10 14 22 24 27 28 34 36 42 43 44
2 665 293
3 3 19 29
4 440 440 599 734
11 1 10 14 19 26 27 35 40 42 43 44
9 368 558 550 163 100 440 179 800 671
3 7 16 27
20 896 265 39 750 444 398 203 883 729 107 232 578 254 280 188 637 168 852 830 560
10 2 4 13 20 28 31 32 37 42 45
18 222 246 546 897 884 198 186 583 352 396 628 733 375 896 349 325 251 396
10 2 10 29 34 36 38 39 45 46 49
10 633 861 850 649 353 666 290 139 220 737
13 1 2 4 7 8 13 14 17 23 24 34 40 44
13 382 623 125 803 764 400 296 368 401 176 168 834 703
5 1 12 13 20 42
20 762 250 334 779 368 105 503 853 587 822 390 213 775 306 34 531 885 704 130 265
9 9 10 16 19 34 35 46 48 50
10 664 33 614 167 622 866 319 774 645 617
8 2 7 30 39 41 47 49 50
14 365 714 768 318 664 94 455 82 678 397 453 645 770 830
8 13 24 26 28 30 34 42 50
16 709 458 642 532 480 312 231 762 748 394 898 879 309 367 589 872
11 10 12 13 18 23 24 26 28 38 46 50
8 618 385 375 721 721 581 483 828
1 8
9 671 840 820 38 635 185 573 577 668
7 12 19 24 30 42 43 49
7 372 852 333 834 317 364 402
7 4 9 12 34 35 37 39
12 35 755 392 410 874 11 512 759 500 631 31 697
1 35
4 606 296 288 446
11 9 10 11 12 14 15 16 21 31 45 47
17 775 697 603 549 714 730 140 744 632 685 515 661 716 379 807 389 345
12 3 14 24 28 29 33 35 36 40 42 48 49
4 842 323 432 889
7 19 20 22 34 43 48 50
4 600 395 82 41
7 5 6 8 15 34 35 50
1 139
2 14 22
3 394 62 16
5 11 12 22 36 50
9 604 419 30 46 289 331 65 391 681
5 12 18 28 35 46
17 170 486 469 171 445 695 436 719 213 146 336 563 414 868 643 240 226
13 1 5 8 12 13 14 17 28 30 36 39 42 49
7 144 389 492 400 290 469 483
7 1 18 25 26 29 35 47
11 726 326 541 868 134 418 754 678 639 740 254
10 4 5 9 13 16 24 31 38 39 48
6 71 149 260 601 23 492
11 4 10 13 16 21 22 23 35 39 46 47
20 436 392 844 829 17 588 255 229 233 39 778 290 528 476 41 25 327 537 859 732
8 9 12 16 20 24 35 43 44
13 89 118 486 235 685 151 488 275 680 334 767 820 854
2 12 14
12 568 633 211 331 767 815 527 799 724 99 517 797
4 24 25 30 48
19 284 877 849 11 206 723 66 780 360 351 505 493 92 109 57 410 296 702 625
9 4 15 18 26 28 33 38 43 48
10 710 279 196 733 133 608 861 127 294 773
8 5 10 17 23 25 36 41 42
4 466 784 102 801
6 8 16 17 28 37 50
12 548 433 45 120 565 214 761 418 805 91 523 424
8 7 11 19 23 24 29 33 39
1 671
2 2 49
8 123 42 534 684 181 801 731 698
11 1 11 16 24 32 33 42 44 45 49 50
16 28 157 619 583 356 144 191 367 660 767 736 722 588 401 601 210
5 16 24 33 37 48
14 2 7 443 512 759 851 764 754 98 814 648 383 167 351
2 4 49
3 116 352 65
2 12 39
12 507 744 261 824 590 25 51 833 457 315 9 437
9 1 5 18 26 29 33 38 46 47
16 670 83 329 499 231 56 229 629 691 883 536 103 23 526 693 270
12 4 7 11 15 17 21 29 30 35 36 39 41
1 112
6 2 4 23 27 39 40
11 421 381 210 615 427 563 532 770 325 364 148
6 2 11 19 20 41 45
3 527 584 276
10 3 4 9 11 22 25 27 28 35 42
18 604 303 584 822 593 269 441 71 186 701 832 522 712 129 842 155 283 157
4 9 37 47 49
4 446 566 894 610
1 16
1 504
12 5 6 7 11 15 20 27 31 32 34 45 48
18 721 263 55 514 513 439 586 727 141 432 399 842 557 504 473 306 51 630
9 1 4 6 13 25 26 27 33 43
18 189 46 883 65 340 546 72 769 389 280 27 292 768 483 304 145 834 167
4 11 23 24 40
2 201 718
6 6 15 16 19 34 44
7 417 292 870 884 801 445 12
6 15 17 18 43 47 48
7 661 353 186 711 294 515 891
2 19 42
11 350 632 42 192 743 816 894 136 557 598 75
12 2 11 14 15 18 21 22 26 39 40 46 48
18 37 651 631 5 248 766 164 558 819 550 107 783 532 618 616 596 131 153
7 4 18 28 36 37 46 50
20 805 729 467 751 772 765 650 246 124 238 813 99 720 409 880 684 207 32 721 868
5 6 14 19 33 50
14 560 172 603 689 814 266 438 652 495 264 212 107 728 262
3 6 27 30
19 896 720 181 63 87 395 655 232 488 292 459 77 470 20 394 530 198 418 308
9 1 6 7 14 18 24 26 29 39
10 438 336 545 223 270 33 623 187 687 128
5 1 8 13 23 40
15 320 513 292 262 773 577 386 205 154 882 362 86 265 423 37
5 2 8 40 41 43
3 49 36 831
2 15 31
11 469 81 263 688 68 214 649 875 427 634 52
5 24 33 37 46 50
1 218
8 1 9 16 36 39 42 43 48
11 861 812 900 41 104 231 273 81 162 265 136
1 28
9 190 468 193 41 847 397 649 640 11
7 7 9 13 14 23 35 42
4 223 453 238 244
6 5 16 29 34 46 50
20 359 484 715 317 810 189 488 754 379 493 709 187 647 289 539 623 527 702 716 211
13 2 7 10 12 14 16 18 23 24 27 28 33 39
6 859 140 169 36 756 46
1 8
13 857 900 808 783 183 463 662 210 9 121 846 26 33
3 5 7 11
15 494 286 755 32 892 488 880 445 130 540 160 270 23 601 491
10 1 2 8 15 16 26 27 28 32 44
20 709 718 487 418 707 843 852 216 797 332 839 514 860 852 129 264 597 552 676 305
4 10 17 19 23
16 839 265 490 642 747 408 165 750 91 496 638 848 19 496 653 546
10 4 5 12 13 15 20 26 32 37 42
3 9 867 842
