300
13 10 29 38 39 45 49 50 56 63 65 67 69 73
10 867 684 492 337 906 868 344 952 864 831
3 22 49 77
33 425 766 280 905 931 505 381 920 394 190 886 783 493 911 215 757 623 393 907 607 97 992 528 629 262 678 94 53 888 385 228 955 1
2 22 44
35 8 217 860 519 672 604 718 709 287 996 449 459 355 788 686 34 83 46 1 605 224 534 24 39 346 500 62 848 165 574 655 287 446 308 464
2 3 7
29 470 680 164 613 627 389 678 567 294 763 100 664 861 251 844 576 208 290 911 824 356 668 562 258 616 518 711 783 211
6 19 50 58 67 69 78
13 312 249 148 141 177 478 136 293 968 91 699 530 903
3 28 32 54
37 386 653 454 106 535 73 704 566 951 648 19 666 371 823 782 939 384 525 978 773 427 984 918 106 927 870 492 445 670 592 470 297 403 758 884 535 541
9 15 20 21 28 40 43 59 61 67
17 307 863 282 239 591 358 736 88 430 66 364 279 478 93 820 118 66
4 13 23 31 64
5 288 44 465 518 549
7 4 8 22 23 25 38 69
29 784 69 373 709 453 306 471 269 666 87 213 847 603 97 454 429 91 349 352 620 364 291 930 346 309 95 613 365 431
6 1 2 25 29 40 42
3 425 120 423
3 12 72 76
6 511 628 908 370 578 807
2 61 75
28 645 220 708 558 431 17 875 57 726 388 472 327 755 909 316 948 135 793 798 629 348 38 876 858 854 756 837 934
11 17 25 26 44 47 55 56 76 77 78 80
10 78 6 175 921 539 890 345 754 387 371
5 29 30 51 66 69
3 312 304 71
7 7 34 36 43 46 63 73
19 567 574 242 623 446 656 182 26 872 190 739 857 612 935 342 390 352 628 926
7 9 20 22 32 33 49 56
29 501 730 586 731 932 254 102 148 766 766 508 874 370 561 975 996 532 952 364 713 641 318 902 542 472 186 776 354 369
2 8 37
9 635 504 941 887 445 24 320 616 985
2 13 19
2 897 263
5 3 34 68 69 78
20 901 879 87 319 642 980 201 311 841 825 367 799 489 828 351 706 727 904 927 516
3 8 45 73
32 501 719 673 665 808 595 392 24 727 206 280 290 850 588 342 700 628 208 844 827 18 560 263 494 478 354 360 444 820 529 337 565
8 2 6 30 33 45 52 64 67
20 924 409 537 635 160 10 469 384 229 567 288 926 21 333 806 814 650 358 892 385
4 22 32 64 77
22 337 523 105 116 562 825 981 222 840 70 895 582 620 882 754 59 975 774 585 262 887 278
2 11 26
35 984 829 690 449 495 453 75 205 705 301 931 128 112 579 432 453 582 847 811 622 909 764 139 578 176 223 691 614 880 677 195 157 870 216 480
2 66 69
20 439 565 98 243 542 695 939 811 956 654 393 171 465 757 998 674 761 598 413 623
4 19 51 53 71
23 292 861 849 743 523 820 743 696 917 970 281 375 586 396 886 467 373 987 19 792 60 358 753
9 10 15 17 26 37 41 42 71 80
40 397 416 852 369 859 487 710 418 663 725 691 833 332 245 500 204 559 307 91 470 930 191 247 504 844 96 3 355 554 679 272 968 74 231 939 987 563 430 23 204
8 4 24 28 33 35 43 68 76
18 157 536 307 280 459 997 562 834 776 471 993 582 639 514 718 237 133 184
12 2 4 34 40 47 48 49 51 54 67 76 78
5 311 756 360 435 238
1 41
36 474 168 800 572 511 177 187 596 19 83 199 309 441 972 63 639 564 601 122 791 562 358 59 96 232 287 493 909 825 359 383 615 595 300 606 13
11 9 17 23 25 33 34 36 44 48 70 78
34 816 362 265 761 786 812 857 320 663 597 205 612 379 312 430 402 138 828 943 746 866 334 898 791 300 688 146 616 140 209 771 147 117 832
12 3 12 37 38 45 52 58 60 64 69 71 75
34 589 691 720 50 440 753 816 923 231 312 750 243 541 829 68 339 996 741 595 102 602 342 128 981 253 248 150 424 25 640 248 638 56 517
9 8 15 17 29 45 55 66 68 80
5 276 415 211 174 584
3 48 50 76
9 556 696 812 599 760 461 265 928 356
1 36
40 980 851 75 43 714 196 120 210 732 338 847 834 788 288 955 509 442 648 544 30 898 147 120 15 20 41 383 944 828 843 835 468 960 126 710 802 323 437 6 253
7 8 43 51 53 54 56 69
8 488 495 138 636 895 451 169 976
1 38
36 299 107 170 306 509 291 650 162 396 565 45 340 570 511 867 503 442 391 206 196 474 186 104 952 83 609 980 281 37 444 598 278 746 994 567 696
5 17 32 55 60 68
27 753 707 75 873 803 852 304 228 245 812 576 24 871 114 904 823 293 430 705 380 963 974 956 793 807 636 404
9 7 8 25 38 48 69 75 79 80
24 32 951 145 916 898 351 808 726 956 997 606 861 955 793 187 323 345 135 387 703 970 482 912 861
8 8 15 25 38 44 46 51 79
34 281 711 157 512 260 849 357 10 743 643 913 899 901 584 549 453 568 91 439 496 269 645 956 69 83 930 44 94 531 283 788 174 816 704
4 30 32 48 49
20 616 453 792 974 485 435 350 832 451 568 542 854 629 780 883 494 23 708 322 848
7 8 18 27 31 43 55 79
14 244 466 520 821 55 499 36 746 196 327 241 691 925 693
9 5 15 22 38 50 62 68 73 77
6 811 644 39 943 299 424
2 20 68
39 301 422 554 507 362 819 397 994 255 133 84 431 555 538 121 272 397 374 487 454 192 687 933 322 980 500 836 755 419 368 987 622 984 690 969 897 428 558 966
7 5 11 14 53 61 64 71
14 735 910 425 700 266 664 251 192 222 839 240 108 320 663
5 16 23 32 39 50
21 883 350 559 622 989 224 557 473 468 3 896 199 820 556 564 993 626 197 243 495 171
14 7 9 14 19 20 25 35 46 49 50 58 64 66 79
2 913 149
11 7 12 13 33 37 39 48 52 59 67 78
18 838 662 217 734 659 112 426 778 216 55 861 318 708 447 118 777 271 156
6 4 22 57 63 65 71
35 744 723 581 963 320 441 966 563 397 188 704 27 368 436 629 609 856 915 904 832 695 760 910 575 854 80 802 276 183 530 747 208 87 822 33
1 56
38 702 844 160 843 102 673 846 400 228 654 422 465 241 976 311 209 364 340 297 803 749 796 761 21 72 478 909 609 118 619 141 632 701 239 509 281 386 487
4 22 34 42 58
32 441 42 277 219 993 214 206 606 430 714 799 217 250 994 783 330 406 619 24 430 115 51 891 214 877 567 315 941 255 297 697 63
1 37
2 396 884
2 35 70
39 146 718 480 995 392 117 518 374 432 179 727 217 755 65 870 519 893 27 630 495 536 962 621 19 101 668 249 886 659 350 290 765 16 196 656 95 533 536 112
1 38
8 993 994 159 703 6 774 86 739
3 2 53 61
12 297 541 66 318 223 538 624 977 257 115 683 268
2 47 66
33 855 64 610 94 77 449 880 209 426 696 309 25 366 90 954 101 957 818 300 748 163 915 701 573 756 723 941 448 38 660 398 130 252
4 4 23 78 79
18 100 540 869 120 229 85 2 277 210 513 50 326 790 276 173 188 118 894
11 6 11 13 15 19 26 28 47 55 71 77
34 743 825 989 618 308 63 135 543 568 986 895 2 95 192 46 767 624 96 152 854 694 345 748 295 679 677 744 36 257 160 459 192 563 800
11 2 14 16 25 27 34 50 69 70 74 78
2 192 675
4 12 19 40 63
3 14 688 874
4 9 11 46 73
18 361 900 441 868 566 37 250 431 541 585 887 383 135 790 766 558 149 947
1 1
26 622 55 276 468 154 223 587 963 332 738 922 908 303 783 592 910 665 14 864 460 151 636 643 490 47 139
8 11 15 27 42 45 46 47 76
16 697 475 993 478 563 39 670 565 198 559 181 753 140 899 848 423
2 3 63
7 875 318 163 866 105 361 469
8 7 17 28 29 32 42 52 70
36 466 706 641 213 858 418 904 762 517 181 747 140 228 426 899 315 513 559 389 364 324 102 72 913 44 356 274 413 248 667 579 162 605 408 90 9
2 64 70
11 510 384 931 845 616 260 89 296 624 516 53
13 5 6 12 17 20 24 30 40 41 53 56 74 76
8 94 547 337 980 489 39 158 173
5 1 30 38 47 66
15 80 183 693 105 775 133 660 563 929 654 607 191 971 29 698
10 4 15 36 43 52 59 61 64 68 79
5 922 178 94 663 421
1 63
5 612 32 31 236 66
8 2 7 25 30 34 39 43 64
32 618 452 314 92 641 480 759 62 557 892 121 651 884 446 339 520 506 486 398 166 55 349 69 837 805 70 155 474 191 121 257 338
9 8 12 18 23 24 29 39 72 76
19 646 970 989 7 561 195 398 595 62 144 850 177 193 869 747 236 282 581 458
2 47 59
37 263 166 623 972 311 606 584 288 887 232 417 8 30 540 423 215 959 951 960 157 93 834 870 718 422 903 268 569 766 796 175 498 145 644 63 516 443
11 4 25 30 31 36 45 47 51 52 54 74
27 845 334 785 280 169 22 959 604 817 113 920 1 4 207 905 719 431 526 636 361 913 752 578 133 247 521 223
9 17 34 39 41 53 58 59 67 73
23 558 317 501 742 249 105 874 116 74 417 154 700 540 113 519 520 383 814 864 496 485 432 580
4 3 35 52 75
34 457 231 215 320 159 51 253 97 169 66 738 840 318 147 653 696 264 531 644 219 712 362 770 939 547 340 389 214 749 705 891 528 424 153
4 41 43 62 63
6 681 356 52 775 647 568
5 22 24 34 63 69
17 741 666 774 59 735 664 508 560 987 900 310 618 967 106 844 727 771
14 1 5 9 10 21 22 24 33 40 48 51 55 58 73
38 547 130 793 635 934 974 693 759 816 238 852 451 156 163 87 543 913 366 418 339 420 116 916 706 71 673 568 820 547 18 354 513 800 716 123 199 856 958
8 2 10 30 38 46 54 64 72
15 3 205 119 11 72 951 684 220 996 993 532 449 998 25 206
14 9 19 21 22 30 32 39 46 49 55 56 57 59 78
2 197 631
13 6 9 19 22 28 31 42 43 47 49 68 75 76
19 641 159 609 76 110 365 429 30 427 688 301 397 42 636 296 152 728 842 841
2 33 59
9 381 486 846 429 296 594 454 356 937
6 29 31 47 52 58 65
12 743 109 589 223 8 661 857 675 864 611 299 217
12 15 30 33 35 49 52 58 65 66 68 71 72
14 811 131 108 578 998 887 567 790 778 995 573 915 238 258
2 26 28
35 86 33 818 237 999 556 538 202 688 568 963 842 825 572 788 894 920 880 328 614 946 232 136 141 475 989 141 39 940 681 410 373 528 798 669
11 3 8 24 32 34 36 39 40 41 70 77
26 463 920 879 313 640 795 617 843 34 297 979 393 629 641 11 708 953 110 56 552 235 778 280 413 692 722
10 8 12 15 30 34 57 59 70 76 79
21 577 251 314 878 248 800 743 592 804 526 378 684 419 226 442 299 672 747 149 469 642
4 18 31 36 67
14 684 807 724 882 481 240 187 790 579 855 256 824 993 703
5 26 27 30 32 40
26 864 769 980 607 900 528 600 914 214 606 936 306 131 761 952 309 716 706 980 39 479 38 320 647 563 359
3 11 51 80
28 512 539 979 890 576 152 962 608 311 840 565 577 332 859 790 615 542 127 14 273 675 491 718 346 338 586 440 541
9 13 19 26 27 43 52 62 71 75
12 117 373 458 972 942 97 668 75 692 544 341 990
2 28 65
38 869 285 852 538 278 732 235 969 685 183 152 60 863 479 115 467 660 330 849 612 234 453 543 702 40 894 43 243 158 945 124 82 876 768 229 11 212 908
4 21 27 30 72
26 745 641 839 580 988 481 743 897 204 667 837 552 665 663 629 725 859 344 305 446 296 525 760 871 271 497
13 8 12 21 27 32 36 40 51 53 60 65 66 71
35 385 624 320 531 817 903 255 584 864 216 604 951 794 188 827 993 361 49 765 326 201 425 148 943 591 431 682 686 872 387 413 655 958 186 895
9 1 13 15 33 43 44 53 77 80
21 498 14 948 192 627 767 7 355 875 384 207 763 199 255 836 546 70 826 64 662 928
1 43
17 969 244 965 360 47 573 486 245 320 869 866 915 945 506 842 432 140
8 8 22 27 34 38 42 46 54
18 102 536 52 647 191 762 827 45 480 869 78 322 837 586 576 407 661 513
2 61 75
4 611 505 271 507
10 21 27 28 34 38 40 55 57 73 78
20 288 480 408 439 668 947 11 847 188 673 433 236 595 137 347 985 936 56 238 670
1 37
13 973 185 816 861 495 724 775 511 254 561 945 225 30
4 9 46 70 71
29 199 157 77 173 467 604 644 833 616 704 533 477 863 97 87 598 602 802 618 510 374 746 842 576 598 742 5 907 500
13 3 9 10 26 27 32 50 51 57 65 66 69 77
35 24 224 117 130 38 879 259 517 160 14 657 682 57 346 316 800 117 185 190 367 959 604 518 881 843 409 333 154 763 1000 80 915 56 168 749
11 18 21 23 33 42 47 55 56 59 69 78
11 162 676 770 364 452 600 954 864 206 221 911
10 14 28 33 34 38 41 50 55 67 73
31 313 789 300 39 861 220 919 898 980 202 41 76 161 737 770 404 436 746 724 252 672 924 288 726 896 408 648 965 543 642 66
13 13 14 19 20 23 40 41 49 57 63 73 77 80
31 791 416 473 417 400 313 315 573 166 526 532 270 359 443 410 275 545 972 191 326 389 654 477 619 806 2 781 307 303 635 668
10 14 15 28 58 61 66 68 69 72 75
1 324
9 2 6 17 46 57 64 68 69 80
31 580 923 30 839 727 294 951 928 942 6 318 825 510 401 894 419 467 597 525 697 613 62 753 224 159 521 974 642 818 353 555
9 8 12 34 36 41 45 49 61 74
30 650 975 15 939 319 795 962 321 309 878 789 925 360 622 3 290 971 138 515 742 760 768 622 797 598 204 482 855 440 545
1 56
37 275 318 116 874 87 202 93 393 79 281 477 335 903 802 893 197 29 964 104 79 94 355 582 247 551 751 873 899 534 267 467 39 666 864 823 983 421
3 30 40 52
1 649
2 30 63
37 819 597 824 179 163 254 694 888 139 453 662 804 120 291 970 266 391 167 447 909 91 504 357 493 619 969 78 860 81 391 141 290 631 351 990 394 454
14 18 25 28 30 41 45 47 48 55 65 67 68 69 75
37 120 203 878 478 157 653 861 796 788 153 90 425 253 681 980 734 18 438 410 177 178 523 987 744 186 77 502 31 821 506 520 95 36 678 765 450 669
7 17 26 31 40 44 61 69
1 471
10 2 7 13 18 36 44 53 56 70 76
5 93 295 3 23 400
2 25 48
7 638 70 98 846 373 473 618
1 24
21 782 898 888 753 558 806 582 725 236 995 925 596 501 786 595 515 739 190 416 20 927
13 5 8 19 21 24 28 32 39 44 49 52 58 66
25 764 69 497 13 498 144 437 408 278 736 1000 942 929 257 280 278 486 758 166 738 906 820 511 796 927
1 19
14 276 74 750 385 126 516 693 102 59 729 709 544 458 30
6 16 28 45 49 52 73
20 286 330 919 810 761 901 331 407 659 789 861 286 801 306 975 189 797 667 534 302
5 27 32 33 37 65
30 837 137 688 628 688 387 24 402 775 326 283 843 566 242 631 407 639 851 64 637 397 953 90 411 50 381 245 147 877 481
3 48 77 79
3 983 211 178
5 22 29 30 36 56
16 63 466 822 597 717 715 472 921 489 366 858 779 69 290 238 47
1 8
1 52
5 5 8 20 36 54
36 202 158 255 4 152 181 775 119 695 348 57 466 11 423 275 300 373 101 809 613 204 753 885 90 15 452 570 320 254 836 704 437 579 710 453 919
7 24 35 40 45 57 58 75
10 209 722 952 468 259 519 370 712 973 344
1 16
15 963 729 188 440 311 116 849 646 767 882 752 688 718 319 759
13 25 27 28 37 48 49 50 51 55 62 66 70 76
26 821 379 58 908 663 668 318 953 720 200 988 932 873 172 141 914 214 15 211 10 717 413 581 32 698 502
4 12 37 58 68
6 80 579 105 853 287 154
2 1 9
1 801
14 5 14 18 21 27 28 30 34 36 47 52 66 70 72
18 987 156 158 745 172 80 89 961 946 118 52 775 395 840 296 261 223 449
5 28 32 47 50 71
28 754 47 230 429 719 650 180 967 302 748 226 529 993 910 231 918 177 438 161 640 361 498 930 398 609 387 147 824
10 10 12 16 27 34 42 47 49 67 75
13 33 795 595 189 357 304 242 417 61 608 761 634 275
7 1 4 7 19 23 46 53
33 849 672 61 263 549 642 753 326 855 606 634 349 215 102 763 424 831 986 424 760 451 8 948 900 70 694 196 967 474 449 397 607 283
4 3 30 63 65
11 956 943 159 855 262 362 172 588 493 423 187
11 1 8 9 19 21 27 43 47 48 52 78
20 198 697 40 453 251 202 478 429 939 34 315 328 38 67 255 357 845 810 818 878
5 11 22 32 66 79
5 284 294 689 640 644
12 2 3 8 10 18 21 30 34 51 55 66 71
10 578 984 402 404 423 654 180 118 877 13
7 2 3 6 9 35 65 72
19 375 407 939 937 23 341 638 48 846 363 895 893 416 556 971 312 934 105 225
9 8 12 17 37 41 43 58 61 77
13 915 914 399 471 45 125 493 346 73 925 35 725 11
14 3 17 32 38 40 56 59 62 70 72 76 77 78 80
31 123 893 193 459 111 679 802 234 874 593 708 536 734 76 520 179 585 543 619 834 863 351 267 839 97 548 499 776 859 584 70
2 33 40
12 454 337 536 273 671 346 17 261 743 417 466 167
5 5 18 32 48 57
35 895 442 346 913 573 686 274 894 402 72 297 255 531 973 973 746 170 625 20 616 44 677 206 755 29 704 840 574 360 106 219 166 641 406 802
6 10 17 41 46 52 56
24 190 271 675 340 386 25 765 29 19 631 868 119 715 651 505 12 213 288 913 732 829 44 125 580
8 17 19 37 39 51 55 64 75
18 718 411 658 15 111 228 660 231 3 892 786 119 633 213 688 446 481 529
7 2 16 17 44 45 69 72
30 100 632 825 143 457 410 618 655 96 126 799 963 411 875 597 636 840 165 622 934 673 265 769 598 148 180 341 390 58 748
8 46 47 61 66 70 72 75 77
9 855 395 708 500 727 68 278 874 883
4 4 47 67 75
34 324 984 457 188 900 838 863 293 897 574 373 398 331 492 93 550 69 632 320 578 247 706 620 783 717 793 198 365 330 144 699 324 266 796
8 6 26 30 31 34 40 54 59
7 931 233 937 27 290 894 658
3 38 72 78
14 593 236 199 296 967 363 115 314 521 455 3 466 520 563
8 3 27 35 43 61 65 68 71
6 968 444 836 227 82 892
5 18 20 43 52 80
17 613 168 28 149 690 415 494 692 187 734 299 97 671 380 958 86 398
8 5 19 27 28 47 57 70 78
39 334 452 111 117 285 418 773 917 493 204 889 41 423 50 644 542 127 217 120 315 335 57 459 616 516 573 449 251 523 362 360 816 109 478 782 306 726 222 427
2 10 12
3 49 281 131
7 23 24 36 40 41 50 75
22 3 612 233 871 703 196 687 877 237 689 381 296 389 980 70 41 830 145 785 52 669 29
13 1 3 4 6 14 16 19 31 34 49 54 60 62
6 987 356 840 622 607 187
8 3 9 21 28 33 34 43 71
16 375 921 457 560 787 428 576 802 597 662 238 158 454 534 310 950
10 3 4 7 12 30 46 72 75 76 79
28 640 19 100 751 281 88 3 413 881 588 727 53 817 496 322 88 424 115 24 268 739 762 565 311 452 864 154 179
4 4 25 34 72
27 799 575 58 612 738 373 955 542 434 775 711 562 729 864 157 263 428 454 164 790 379 718 15 282 699 782 580
1 26
38 819 47 405 667 200 1 346 644 510 240 982 787 882 901 711 376 206 527 542 656 6 704 201 948 607 463 643 867 868 575 620 367 484 681 660 457 419 923
4 26 36 67 70
18 214 844 185 771 136 570 177 166 397 853 849 999 710 462 127 139 94 96
9 2 12 20 31 34 39 47 77 78
28 292 920 913 764 66 610 267 266 173 416 103 167 564 631 37 276 328 346 180 68 421 493 42 124 639 109 681 287
12 3 4 9 17 19 33 38 39 54 56 70 76
4 791 871 637 827
1 27
11 439 493 697 54 892 566 706 610 817 716 413
5 30 35 39 66 69
36 282 6 50 200 724 81 229 794 868 995 312 58 17 313 998 201 813 959 592 334 85 728 116 473 930 227 644 841 658 393 893 928 388 472 695 657
3 15 48 60
37 380 327 618 449 607 521 358 405 507 306 293 463 223 39 466 654 516 132 308 857 409 231 105 638 34 873 912 289 613 985 141 891 527 651 732 713 699
8 1 2 7 13 42 57 60 74
14 843 564 46 543 755 425 90 438 669 665 160 711 460 836
7 30 32 37 55 56 57 78
14 482 106 725 690 285 766 986 315 497 102 749 313 930 5
13 2 7 16 24 26 31 36 55 59 61 65 67 78
31 261 146 33 390 975 157 25 711 310 139 441 461 60 737 650 802 812 666 527 876 477 767 231 974 442 100 646 396 882 2 515
6 11 13 23 32 44 80
21 270 598 759 219 685 216 629 141 676 617 284 86 631 426 210 728 252 455 509 34 91
7 10 15 23 44 57 69 74
23 68 924 783 846 638 942 326 871 390 854 259 672 354 285 76 401 286 319 130 248 914 487 229
2 61 68
35 980 224 308 750 877 587 296 902 196 681 1 86 364 940 35 599 195 853 188 110 481 974 384 701 322 185 766 77 664 839 948 984 657 684 407
9 7 9 11 19 32 42 43 55 75
18 269 522 855 377 97 9 81 505 332 520 751 765 725 73 334 193 806 334
12 4 16 31 36 40 42 52 53 62 70 75 79
38 933 452 207 627 235 97 588 751 646 376 354 986 568 986 109 774 765 248 521 417 537 565 300 992 338 987 547 614 562 856 564 83 11 550 745 380 4 815
13 6 11 13 14 26 33 35 42 51 62 70 71 73
18 249 767 47 171 719 382 11 285 444 153 974 644 350 452 480 457 314 888
4 2 45 53 76
28 646 9 75 454 110 180 397 552 853 399 663 134 938 897 166 732 564 989 80 112 535 673 531 894 72 756 280 790
6 26 34 39 41 63 79
24 837 667 215 81 534 367 830 650 882 156 731 121 807 640 217 26 743 402 979 612 912 76 867 912
9 2 3 20 27 29 53 62 70 79
24 601 152 981 339 221 534 655 37 860 699 484 665 443 573 507 905 6 143 424 124 222 62 903 265
7 7 30 32 38 46 48 70
22 219 7 900 794 862 597 828 888 847 828 764 242 647 923 456 536 130 371 186 374 926 279
12 6 10 15 22 38 52 53 65 67 74 77 78
24 421 836 157 216 315 887 154 412 762 837 750 2 586 466 647 799 990 985 559 38 164 326 271 224
6 9 18 35 54 64 67
16 758 901 250 923 232 872 24 929 931 631 523 539 127 207 457 330
2 24 74
7 950 321 521 544 341 273 293
4 32 60 61 72
31 994 742 559 237 551 879 416 245 154 801 228 498 446 626 197 482 949 792 298 509 989 90 160 689 505 739 419 726 728 844 125
6 6 15 23 37 71 74
12 444 994 949 984 873 501 862 664 208 90 539 186
12 13 18 25 29 31 38 45 51 57 62 70 73
24 950 488 172 555 170 880 84 80 485 972 315 933 965 294 943 986 445 457 992 361 36 850 778 716
9 3 8 14 31 46 56 63 73 76
19 592 641 18 954 278 204 12 77 448 864 163 681 660 229 361 948 407 439 587
9 7 10 25 29 33 39 45 46 70
37 631 206 424 689 166 108 594 679 395 239 213 180 131 563 756 973 940 901 92 361 68 736 282 863 608 309 322 730 854 545 576 107 759 595 936 965 217
1 1
15 224 131 53 770 19 255 976 17 44 861 104 570 767 648 444
3 6 26 68
10 101 828 188 291 827 586 657 994 42 817
11 5 10 18 42 43 45 51 52 55 65 78
27 259 73 995 744 968 262 383 254 1000 560 397 87 102 564 711 857 191 136 215 986 507 260 625 900 136 671 913
2 38 40
22 845 910 819 192 229 773 258 952 632 723 331 166 210 660 636 148 495 656 141 98 593 941
13 5 8 9 22 24 30 33 47 48 67 69 74 78
29 707 133 957 926 454 602 614 487 744 980 978 205 977 260 397 700 709 718 260 361 892 387 774 837 299 869 335 724 285
4 24 33 62 76
10 414 243 447 926 378 123 628 809 516 295
5 10 13 36 47 69
16 920 352 413 619 745 122 569 14 358 447 254 175 118 534 152 916
4 9 26 37 42
40 871 101 691 842 309 864 852 82 487 337 574 672 335 680 628 946 457 401 740 547 107 161 889 784 617 769 876 737 727 825 915 253 66 783 938 366 414 397 167 732
8 8 20 22 30 37 40 67 73
39 416 747 299 957 211 242 996 378 403 106 423 66 162 49 669 203 100 751 205 848 634 808 581 858 464 730 846 581 442 36 332 404 710 300 118 165 638 310 675
2 28 51
39 275 746 245 394 896 683 692 938 915 183 720 115 936 719 320 259 677 502 660 652 811 576 136 822 434 410 977 235 662 85 483 191 590 371 17 193 328 822 639
11 2 8 27 30 31 32 37 50 62 78 80
27 513 748 754 375 927 85 538 64 171 630 69 834 134 4 110 275 232 244 6 128 796 797 241 345 232 297 673
2 46 50
18 329 998 780 340 376 350 813 902 63 151 183 852 645 119 380 769 492 168
4 1 51 59 77
13 573 474 975 944 720 742 782 113 884 887 128 703 641
5 25 52 62 68 74
36 968 50 368 367 458 842 628 545 119 359 552 831 173 657 331 29 579 376 355 605 985 779 690 627 371 244 943 854 636 598 281 58 711 33 533 619
5 6 25 47 64 73
3 685 563 696
13 3 14 22 33 40 41 51 54 56 57 58 59 73
17 575 515 619 661 218 788 702 285 867 805 653 483 220 647 695 683 744
5 33 62 63 74 75
7 840 144 961 123 771 162 947
12 14 16 20 23 26 36 41 49 57 59 61 66
7 728 621 350 630 425 797 352
10 25 28 36 45 47 48 56 57 58 67
34 364 462 504 773 810 838 558 822 306 91 979 787 314 935 907 375 10 667 469 553 487 72 589 805 990 175 120 308 357 905 939 826 336 348
5 48 60 61 64 71
35 625 224 796 643 582 645 472 196 319 332 847 609 534 576 600 386 467 675 140 25 71 125 192 135 521 347 224 988 244 654 511 492 434 644 848
3 28 31 66
14 95 53 882 409 28 817 819 122 704 36 121 543 143 552
2 10 28
8 455 807 856 586 378 20 528 523
5 35 40 46 50 72
17 942 748 377 825 22 183 850 916 934 55 846 547 310 360 672 673 462
10 22 37 38 45 53 65 68 70 76 79
20 309 953 585 866 507 45 361 338 239 306 940 473 485 32 666 321 582 911 143 243
8 10 18 20 26 66 72 73 76
25 238 83 179 913 381 16 137 15 317 700 699 337 867 115 4 680 471 602 209 266 868 609 263 552 138
11 1 3 4 12 23 33 37 42 52 69 75
4 794 429 850 381
12 4 10 11 13 15 25 44 56 62 74 75 78
40 822 270 977 828 158 567 506 705 908 66 354 213 18 564 298 132 6 269 189 895 505 216 379 105 942 770 607 714 529 801 926 232 858 660 86 411 466 661 409 699
8 15 28 43 48 52 60 70 73
36 772 691 697 248 868 102 692 239 205 514 486 740 470 801 729 47 705 569 880 95 75 642 478 301 825 786 929 17 270 266 257 295 94 336 68 923
10 10 19 24 26 30 39 42 52 58 66
24 491 938 54 808 47 534 379 995 346 784 107 150 892 268 138 544 237 824 558 927 555 632 213 283
11 11 12 17 22 26 57 59 61 64 68 70
25 473 65 835 12 915 691 967 418 380 492 207 275 541 221 336 468 27 527 305 181 825 410 402 407 399
12 16 17 31 36 41 45 50 57 62 66 67 75
4 472 748 362 508
7 7 20 40 41 58 68 77
36 64 13 862 186 854 601 46 661 396 872 965 381 385 401 117 278 138 106 218 607 564 624 986 289 320 785 440 345 903 219 656 633 318 297 272 128
5 24 26 27 35 57
8 446 368 912 956 335 807 738 24
6 19 24 48 54 60 68
17 941 251 739 851 476 991 328 347 220 109 32 951 756 274 710 290 775
5 32 40 48 57 67
31 310 679 492 479 194 173 274 771 913 415 329 488 207 645 225 959 32 649 129 161 977 305 929 434 296 963 908 937 773 449 46
14 6 14 20 26 29 33 42 43 52 53 54 66 67 68
25 60 391 140 177 536 546 22 618 865 368 122 465 948 116 357 1000 661 22 926 685 977 787 54 732 320
7 14 17 24 39 61 64 69
29 331 294 290 374 199 198 520 207 36 516 579 726 823 601 432 162 121 123 885 969 138 35 292 773 813 252 542 163 246
2 55 78
11 755 432 409 684 712 144 561 355 793 871 775
10 3 4 9 16 17 20 25 38 42 50
12 535 81 819 813 611 408 559 282 980 870 922 659
4 12 13 50 57
19 450 341 196 241 417 92 501 815 564 751 460 551 911 336 644 33 968 593 553
9 12 15 17 34 37 45 49 60 73
5 276 304 136 478 725
3 27 29 43
30 451 80 969 104 761 262 95 433 934 5 249 761 297 474 381 161 204 582 790 960 480 670 787 928 890 460 378 166 400 984
3 16 26 45
27 305 235 116 523 686 470 607 381 460 479 52 636 427 996 85 393 217 969 843 364 242 182 431 714 859 159 706
10 6 9 16 26 48 50 67 71 73 74
18 277 927 976 797 773 317 695 360 539 938 414 180 882 406 275 228 67 159
12 9 18 19 22 24 28 33 42 43 46 52 57
25 407 947 108 387 200 448 678 649 527 759 520 310 689 251 264 503 515 140 935 844 635 897 823 635 603
1 48
34 338 318 98 86 895 508 616 904 387 124 620 569 500 847 466 590 445 241 721 467 394 20 481 496 871 786 226 942 397 523 485 611 156 332
12 18 19 26 28 34 37 41 43 51 63 72 79
38 52 107 938 688 242 663 811 900 372 137 978 731 929 830 676 904 794 222 667 39 540 855 504 868 270 814 996 460 84 368 859 998 476 136 399 558 97 24
2 37 73
33 974 4 339 626 251 927 300 518 805 655 155 356 766 885 904 431 663 593 461 749 607 453 432 923 610 529 264 812 7 706 567 671 585
11 6 8 21 22 31 34 38 49 58 74 79
5 996 616 876 932 534
3 13 47 74
17 891 744 605 392 618 101 82 144 325 547 968 875 836 250 701 838 603
1 78
33 755 384 551 763 514 306 484 990 145 330 422 417 536 718 176 529 344 235 597 835 354 67 343 592 632 606 132 395 72 438 862 957 383
13 3 6 9 15 28 29 30 33 36 44 55 57 79
25 362 581 353 386 102 96 349 92 371 992 212 381 505 882 392 547 413 776 335 520 12 301 80 740 619
3 6 14 43
29 667 452 32 76 566 298 273 370 487 680 34 195 50 426 613 166 375 909 273 831 683 42 769 906 387 654 882 961 630
12 7 11 14 18 22 23 29 38 44 65 68 77
25 161 369 240 874 643 984 911 660 877 166 851 875 944 964 63 423 75 80 538 20 650 838 434 304 162
1 14
4 30 162 277 625
2 4 42
26 107 656 687 714 974 147 979 116 247 120 217 925 127 98 991 726 263 779 403 172 722 786 305 703 314 456
4 8 20 26 51
13 783 490 113 907 969 401 682 784 493 191 812 396 466
9 21 22 26 33 43 45 60 77 78
36 234 785 302 853 376 683 641 74 331 165 749 859 618 53 585 112 2 469 371 831 269 49 408 857 729 88 438 839 245 615 348 536 526 668 93 325
9 3 7 13 21 28 44 45 46 80
9 935 511 833 824 115 308 422 289 445
9 8 37 41 46 50 51 55 62 72
1 229
3 7 38 39
10 1000 386 824 1 195 878 738 227 494 976
8 7 16 50 56 57 61 63 65
15 329 698 138 866 732 449 885 514 996 504 853 254 345 226 944
12 24 27 31 36 41 42 44 50 62 70 71 79
24 575 172 309 924 754 527 673 532 499 178 370 54 847 836 247 322 862 508 71 931 308 640 849 313
7 7 8 18 20 38 49 60
4 158 727 667 922
2 44 74
39 623 789 9 49 14 246 131 103 801 811 462 953 133 872 523 356 379 317 932 282 756 595 179 598 919 146 740 89 985 330 423 464 518 619 903 600 543 154 431
12 1 2 6 13 21 32 33 47 49 50 59 61
38 859 442 182 604 5 936 374 669 578 588 454 144 265 484 809 839 415 45 274 648 288 780 714 604 238 677 925 435 77 425 872 543 619 659 655 795 59 400
5 2 34 59 62 66
15 757 570 210 318 59 291 705 771 23 968 816 922 564 238 847
8 2 3 9 19 25 39 42 64
10 301 256 731 53 581 40 954 407 80 755
5 9 11 36 58 74
28 601 667 486 11 918 786 868 379 732 270 19 44 231 919 413 937 205 630 419 505 88 4 311 742 845 626 757 607
5 21 34 37 38 79
26 313 263 926 184 568 725 767 720 119 569 127 524 242 220 857 224 25 310 955 149 503 406 671 692 872 111
8 23 26 31 34 45 48 69 72
4 656 835 208 331
3 12 41 56
24 299 182 322 605 11 280 964 470 650 675 942 980 669 524 640 513 415 803 67 763 21 536 234 317
13 2 17 21 33 34 43 54 58 60 61 64 73 77
19 358 141 35 336 809 682 88 115 359 854 136 863 642 144 896 150 456 989 553
4 13 16 23 63
33 928 700 120 480 789 137 231 665 910 175 679 192 766 310 282 542 875 403 613 688 937 906 58 119 505 319 599 305 759 533 554 516 491
8 6 20 28 45 49 68 72 78
22 431 115 268 979 989 651 362 393 731 661 486 566 10 900 212 42 835 454 162 359 80 344
2 22 39
16 58 76 933 532 482 635 774 830 617 574 275 160 664 706 401 126
5 18 24 40 56 64
9 583 504 151 940 514 387 377 627 638
1 20
23 669 535 604 680 510 408 84 748 584 948 691 4 112 369 493 162 427 591 277 485 314 290 522
6 17 23 40 43 44 77
16 99 578 931 770 367 602 845 666 189 220 748 10 462 181 458 617
5 5 10 22 38 57
1 796
9 1 8 10 28 39 46 57 65 67
31 855 565 445 757 217 77 578 9 659 550 56 693 581 386 489 890 764 179 71 364 42 622 155 10 734 944 743 771 321 841 527
8 10 20 23 31 48 70 77 79
22 318 69 189 337 211 177 969 973 604 83 25 650 850 658 841 381 199 776 133 133 144 973
5 13 30 44 47 57
7 471 653 351 595 484 146 289
11 1 11 19 25 32 34 36 58 68 77 78
31 546 285 428 866 90 848 380 708 530 118 470 86 283 996 97 619 239 757 999 821 214 299 711 984 207 506 602 837 14 850 240
9 25 26 27 31 48 50 63 65 69
17 439 38 110 502 213 212 228 988 547 577 447 716 103 483 675 347 830
8 6 24 37 44 51 55 58 71
31 945 846 905 937 498 713 302 425 245 957 811 749 97 918 926 173 164 922 76 251 735 505 953 400 530 125 716 705 301 387 778
7 6 21 33 38 45 54 68
1 758
14 9 21 22 28 37 43 45 46 56 60 63 67 69 78
22 380 754 378 848 388 718 308 166 565 753 941 578 209 205 626 38 894 677 392 415 167 490
7 25 30 35 43 44 54 67
27 814 393 790 810 434 501 464 210 827 795 749 243 405 688 562 367 470 224 822 169 349 691 625 618 253 347 813
9 3 4 8 12 25 38 50 62 75
33 354 479 780 152 593 776 977 529 842 986 293 127 53 312 996 604 249 569 851 664 925 801 637 442 698 176 195 197 182 824 54 962 549
14 5 9 13 21 29 32 34 47 55 58 60 64 68 73
37 567 907 509 850 86 745 143 229 502 895 214 639 628 648 388 805 923 726 955 15 875 285 97 286 644 537 847 76 534 155 781 528 496 790 251 547 715
6 6 9 12 66 74 75
33 537 807 917 117 45 609 797 491 400 914 373 884 89 970 615 898 990 971 293 254 344 570 875 94 973 2 83 807 516 84 414 147 362
6 4 30 39 41 44 62
24 135 183 699 493 991 584 524 925 910 18 926 388 15 116 619 549 433 792 953 515 602 695 19 487
12 9 16 35 36 40 43 50 54 58 64 68 74
6 2 128 720 398 843 495
11 3 9 10 13 19 40 42 47 50 60 77
10 533 893 923 555 77 809 503 775 586 64
6 13 53 54 58 60 64
18 557 843 778 886 52 722 994 765 411 616 972 627 674 572 500 328 173 180
14 17 26 29 41 43 47 57 64 66 67 68 70 75 77
9 294 670 163 114 988 137 934 136 50
4 12 24 40 75
25 963 116 6 526 768 55 24 251 1000 782 708 370 953 633 686 710 268 988 114 308 371 834 466 192 841
13 3 4 8 11 16 19 20 23 25 27 42 49 50
6 634 563 544 920 33 615
13 13 14 21 23 24 25 44 50 64 66 68 74 80
3 673 711 777
7 3 4 23 45 49 62 70
11 472 688 647 4 331 443 318 772 754 939 409
12 13 16 19 21 45 50 52 54 57 60 68 69
40 88 132 959 220 107 825 632 692 970 566 660 450 810 497 306 52 763 497 642 961 18 730 863 186 994 661 25 651 157 530 529 203 724 422 664 398 72 424 263 535
11 5 9 13 14 24 27 56 70 75 77 78
40 140 98 730 724 618 980 872 285 913 180 414 141 977 877 4 807 481 465 974 753 426 650 736 6 148 858 288 983 319 881 615 440 105 812 458 868 759 996 3 851
11 1 10 15 28 31 47 53 65 66 70 79
32 743 4 445 55 178 871 865 581 485 411 685 606 317 79 970 844 870 252 901 946 784 722 791 214 63 436 455 106 33 761 767 473
6 3 10 55 62 66 75
1 979
7 13 16 34 39 60 63 65
19 768 696 715 932 976 603 226 468 526 167 760 563 8 204 320 286 198 487 688
13 8 9 13 22 27 39 42 46 48 57 61 63 68
27 601 350 380 840 216 64 363 846 314 85 548 987 505 571 293 800 133 887 554 302 578 76 518 112 12 736 215
1 10
25 981 915 434 861 943 98 197 771 545 143 877 774 617 258 946 478 305 908 22 271 544 508 487 167 27
3 14 22 80
26 291 182 697 526 204 83 374 643 451 132 370 249 965 62 54 407 990 859 137 573 112 354 745 246 366 567
10 1 6 7 26 32 35 49 54 64 77
24 4 992 214 638 360 913 924 154 377 698 805 338 498 580 384 509 937 226 178 416 118 647 374 788
10 11 12 13 29 38 55 58 60 69 78
11 417 661 908 636 844 612 409 548 153 342 914
13 19 36 42 47 52 56 59 60 62 68 69 72 75
6 517 857 421 669 844 753
14 2 14 16 22 25 26 28 30 59 62 65 70 78 80
30 340 373 180 643 205 471 97 717 552 911 622 702 56 784 654 97 309 245 466 955 166 696 349 316 702 711 991 39 816 421
13 1 5 8 10 21 24 37 39 42 44 55 58 71
23 566 201 286 768 498 381 279 823 880 622 73 980 533 845 274 260 64 546 689 761 378 760 228
